0;0;Kubit(np.array([[1.+0.j, 0.+0.j]]),symbol='0')
0;1;Kubit(np.array([[0.+0.j, 1.+0.j]]),symbol='1')
0;+;Kubit(np.array([[0.70710678+0.j, 0.70710678+0.j]]),symbol='+')
0;-;Kubit(np.array([[ 0.70710678+0.j, -0.70710678+0.j]]),symbol='-')
0;i;Kubit(np.array([[0.70710678+0.j        , 0.        +0.70710678j]]),symbol='i')
0;-i;Kubit(np.array([[0.70710678+0.j        , 0.        -0.70710678j]]),symbol='-i')
0;Bel1;Kubit(np.array([0.70710678+0.j, 0.        +0.j, 0.        +0.j, 0.70710678+0.j]),symbol='Bel1')
0;Bel2;Kubit(np.array([ 0.70710678+0.j,  0.        +0.j,  0.        +0.j, -0.70710678+0.j]),symbol='Bel2')
0;Bel3;Kubit(np.array([0.        +0.j, 0.70710678+0.j, 0.70710678+0.j, 0.        +0.j]),symbol='Bel3')
0;Bel4;Kubit(np.array([ 0.        +0.j,  0.70710678+0.j, -0.70710678+0.j,  0.        +0.j]),symbol='Bel4')
1;Measurement;Baza(np.array([[1, 0],       [0, 1]]),'Measurement')
1;Y;Baza(np.array([[0.+0.j, 0.-1.j],       [0.+1.j, 0.+0.j]]),'Y')
1;X;Baza(np.array([[0.+0.j, 1.+0.j],       [1.+0.j, 0.+0.j]]),'X')
1;I;Baza(np.array([[1.+0.j, 0.+0.j],       [0.+0.j, 1.+0.j]]),'I')
1;Z;Baza(np.array([[ 1.+0.j,  0.+0.j],       [ 0.+0.j, -1.+0.j]]),'Z')
1;H;Baza(np.array([[ 0.70710678+0.j,  0.70710678+0.j],       [ 0.70710678+0.j, -0.70710678+0.j]]),'H')
1;S;Baza(np.array([[1.+0.j, 0.+0.j],       [0.+0.j, 0.+1.j]]),'S')
1;T;Baza(np.array([[1.        +0.j        , 0.        +0.j        ],       [0.        +0.j        , 0.70710678+0.70710678j]]),'T')
1;CNOT;Baza(np.array([[1.+0.j, 0.+0.j, 0.+0.j, 0.+0.j],       [0.+0.j, 1.+0.j, 0.+0.j, 0.+0.j],       [0.+0.j, 0.+0.j, 0.+0.j, 1.+0.j],       [0.+0.j, 0.+0.j, 1.+0.j, 0.+0.j]]),'CNOT')
1;revCNOT;Baza(np.array([[1.+0.j, 0.+0.j, 0.+0.j, 0.+0.j],       [0.+0.j, 0.+0.j, 0.+0.j, 1.+0.j],       [0.+0.j, 0.+0.j, 1.+0.j, 0.+0.j],       [0.+0.j, 1.+0.j, 0.+0.j, 0.+0.j]]),'revCNOT')
1;CCNOT;Baza(np.array([[1.+0.j, 0.+0.j, 0.+0.j, 0.+0.j, 0.+0.j, 0.+0.j, 0.+0.j, 0.+0.j],       [0.+0.j, 1.+0.j, 0.+0.j, 0.+0.j, 0.+0.j, 0.+0.j, 0.+0.j, 0.+0.j],       [0.+0.j, 0.+0.j, 1.+0.j, 0.+0.j, 0.+0.j, 0.+0.j, 0.+0.j, 0.+0.j],       [0.+0.j, 0.+0.j, 0.+0.j, 1.+0.j, 0.+0.j, 0.+0.j, 0.+0.j, 0.+0.j],       [0.+0.j, 0.+0.j, 0.+0.j, 0.+0.j, 1.+0.j, 0.+0.j, 0.+0.j, 0.+0.j],       [0.+0.j, 0.+0.j, 0.+0.j, 0.+0.j, 0.+0.j, 1.+0.j, 0.+0.j, 0.+0.j],       [0.+0.j, 0.+0.j, 0.+0.j, 0.+0.j, 0.+0.j, 0.+0.j, 0.+0.j, 1.+0.j],       [0.+0.j, 0.+0.j, 0.+0.j, 0.+0.j, 0.+0.j, 0.+0.j, 1.+0.j, 0.+0.j]]),'CCNOT')
1;SWAP;Baza(np.array([[1.+0.j, 0.+0.j, 0.+0.j, 0.+0.j],       [0.+0.j, 0.+0.j, 1.+0.j, 0.+0.j],       [0.+0.j, 1.+0.j, 0.+0.j, 0.+0.j],       [0.+0.j, 0.+0.j, 0.+0.j, 1.+0.j]]),'SWAP')
1;5q:0;Baza(np.array([[-1.,  0.,  0.,  0.,  0.,  0.,  0.,  0.,  0.,  0.,  0.,  0.,  0.,         0.,  0.,  0.,  0.,  0.,  0.,  0.,  0.,  0.,  0.,  0.,  0.,  0.,         0.,  0.,  0.,  0.,  0.,  0.],       [ 0., -1.,  0.,  0.,  0.,  0.,  0.,  0.,  0.,  0.,  0.,  0.,  0.,         0.,  0.,  0.,  0.,  0.,  0.,  0.,  0.,  0.,  0.,  0.,  0.,  0.,         0.,  0.,  0.,  0.,  0.,  0.],       [ 0.,  0., -1.,  0.,  0.,  0.,  0.,  0.,  0.,  0.,  0.,  0.,  0.,         0.,  0.,  0.,  0.,  0.,  0.,  0.,  0.,  0.,  0.,  0.,  0.,  0.,         0.,  0.,  0.,  0.,  0.,  0.],       [ 0.,  0.,  0., -1.,  0.,  0.,  0.,  0.,  0.,  0.,  0.,  0.,  0.,         0.,  0.,  0.,  0.,  0.,  0.,  0.,  0.,  0.,  0.,  0.,  0.,  0.,         0.,  0.,  0.,  0.,  0.,  0.],       [ 0.,  0.,  0.,  0., -1.,  0.,  0.,  0.,  0.,  0.,  0.,  0.,  0.,         0.,  0.,  0.,  0.,  0.,  0.,  0.,  0.,  0.,  0.,  0.,  0.,  0.,         0.,  0.,  0.,  0.,  0.,  0.],       [ 0.,  0.,  0.,  0.,  0., -1.,  0.,  0.,  0.,  0.,  0.,  0.,  0.,         0.,  0.,  0.,  0.,  0.,  0.,  0.,  0.,  0.,  0.,  0.,  0.,  0.,         0.,  0.,  0.,  0.,  0.,  0.],       [ 0.,  0.,  0.,  0.,  0.,  0., -1.,  0.,  0.,  0.,  0.,  0.,  0.,         0.,  0.,  0.,  0.,  0.,  0.,  0.,  0.,  0.,  0.,  0.,  0.,  0.,         0.,  0.,  0.,  0.,  0.,  0.],       [ 0.,  0.,  0.,  0.,  0.,  0.,  0., -1.,  0.,  0.,  0.,  0.,  0.,         0.,  0.,  0.,  0.,  0.,  0.,  0.,  0.,  0.,  0.,  0.,  0.,  0.,         0.,  0.,  0.,  0.,  0.,  0.],       [ 0.,  0.,  0.,  0.,  0.,  0.,  0.,  0., -1.,  0.,  0.,  0.,  0.,         0.,  0.,  0.,  0.,  0.,  0.,  0.,  0.,  0.,  0.,  0.,  0.,  0.,         0.,  0.,  0.,  0.,  0.,  0.],       [ 0.,  0.,  0.,  0.,  0.,  0.,  0.,  0.,  0., -1.,  0.,  0.,  0.,         0.,  0.,  0.,  0.,  0.,  0.,  0.,  0.,  0.,  0.,  0.,  0.,  0.,         0.,  0.,  0.,  0.,  0.,  0.],       [ 0.,  0.,  0.,  0.,  0.,  0.,  0.,  0.,  0.,  0., -1.,  0.,  0.,         0.,  0.,  0.,  0.,  0.,  0.,  0.,  0.,  0.,  0.,  0.,  0.,  0.,         0.,  0.,  0.,  0.,  0.,  0.],       [ 0.,  0.,  0.,  0.,  0.,  0.,  0.,  0.,  0.,  0.,  0., -1.,  0.,         0.,  0.,  0.,  0.,  0.,  0.,  0.,  0.,  0.,  0.,  0.,  0.,  0.,         0.,  0.,  0.,  0.,  0.,  0.],       [ 0.,  0.,  0.,  0.,  0.,  0.,  0.,  0.,  0.,  0.,  0.,  0., -1.,         0.,  0.,  0.,  0.,  0.,  0.,  0.,  0.,  0.,  0.,  0.,  0.,  0.,         0.,  0.,  0.,  0.,  0.,  0.],       [ 0.,  0.,  0.,  0.,  0.,  0.,  0.,  0.,  0.,  0.,  0.,  0.,  0.,        -1.,  0.,  0.,  0.,  0.,  0.,  0.,  0.,  0.,  0.,  0.,  0.,  0.,         0.,  0.,  0.,  0.,  0.,  0.],       [ 0.,  0.,  0.,  0.,  0.,  0.,  0.,  0.,  0.,  0.,  0.,  0.,  0.,         0., -1.,  0.,  0.,  0.,  0.,  0.,  0.,  0.,  0.,  0.,  0.,  0.,         0.,  0.,  0.,  0.,  0.,  0.],       [ 0.,  0.,  0.,  0.,  0.,  0.,  0.,  0.,  0.,  0.,  0.,  0.,  0.,         0.,  0., -1.,  0.,  0.,  0.,  0.,  0.,  0.,  0.,  0.,  0.,  0.,         0.,  0.,  0.,  0.,  0.,  0.],       [ 0.,  0.,  0.,  0.,  0.,  0.,  0.,  0.,  0.,  0.,  0.,  0.,  0.,         0.,  0.,  0., -1.,  0.,  0.,  0.,  0.,  0.,  0.,  0.,  0.,  0.,         0.,  0.,  0.,  0.,  0.,  0.],       [ 0.,  0.,  0.,  0.,  0.,  0.,  0.,  0.,  0.,  0.,  0.,  0.,  0.,         0.,  0.,  0.,  0., -1.,  0.,  0.,  0.,  0.,  0.,  0.,  0.,  0.,         0.,  0.,  0.,  0.,  0.,  0.],       [ 0.,  0.,  0.,  0.,  0.,  0.,  0.,  0.,  0.,  0.,  0.,  0.,  0.,         0.,  0.,  0.,  0.,  0., -1.,  0.,  0.,  0.,  0.,  0.,  0.,  0.,         0.,  0.,  0.,  0.,  0.,  0.],       [ 0.,  0.,  0.,  0.,  0.,  0.,  0.,  0.,  0.,  0.,  0.,  0.,  0.,         0.,  0.,  0.,  0.,  0.,  0., -1.,  0.,  0.,  0.,  0.,  0.,  0.,         0.,  0.,  0.,  0.,  0.,  0.],       [ 0.,  0.,  0.,  0.,  0.,  0.,  0.,  0.,  0.,  0.,  0.,  0.,  0.,         0.,  0.,  0.,  0.,  0.,  0.,  0., -1.,  0.,  0.,  0.,  0.,  0.,         0.,  0.,  0.,  0.,  0.,  0.],       [ 0.,  0.,  0.,  0.,  0.,  0.,  0.,  0.,  0.,  0.,  0.,  0.,  0.,         0.,  0.,  0.,  0.,  0.,  0.,  0.,  0., -1.,  0.,  0.,  0.,  0.,         0.,  0.,  0.,  0.,  0.,  0.],       [ 0.,  0.,  0.,  0.,  0.,  0.,  0.,  0.,  0.,  0.,  0.,  0.,  0.,         0.,  0.,  0.,  0.,  0.,  0.,  0.,  0.,  0., -1.,  0.,  0.,  0.,         0.,  0.,  0.,  0.,  0.,  0.],       [ 0.,  0.,  0.,  0.,  0.,  0.,  0.,  0.,  0.,  0.,  0.,  0.,  0.,         0.,  0.,  0.,  0.,  0.,  0.,  0.,  0.,  0.,  0., -1.,  0.,  0.,         0.,  0.,  0.,  0.,  0.,  0.],       [ 0.,  0.,  0.,  0.,  0.,  0.,  0.,  0.,  0.,  0.,  0.,  0.,  0.,         0.,  0.,  0.,  0.,  0.,  0.,  0.,  0.,  0.,  0.,  0., -1.,  0.,         0.,  0.,  0.,  0.,  0.,  0.],       [ 0.,  0.,  0.,  0.,  0.,  0.,  0.,  0.,  0.,  0.,  0.,  0.,  0.,         0.,  0.,  0.,  0.,  0.,  0.,  0.,  0.,  0.,  0.,  0.,  0., -1.,         0.,  0.,  0.,  0.,  0.,  0.],       [ 0.,  0.,  0.,  0.,  0.,  0.,  0.,  0.,  0.,  0.,  0.,  0.,  0.,         0.,  0.,  0.,  0.,  0.,  0.,  0.,  0.,  0.,  0.,  0.,  0.,  0.,        -1.,  0.,  0.,  0.,  0.,  0.],       [ 0.,  0.,  0.,  0.,  0.,  0.,  0.,  0.,  0.,  0.,  0.,  0.,  0.,         0.,  0.,  0.,  0.,  0.,  0.,  0.,  0.,  0.,  0.,  0.,  0.,  0.,         0., -1.,  0.,  0.,  0.,  0.],       [ 0.,  0.,  0.,  0.,  0.,  0.,  0.,  0.,  0.,  0.,  0.,  0.,  0.,         0.,  0.,  0.,  0.,  0.,  0.,  0.,  0.,  0.,  0.,  0.,  0.,  0.,         0.,  0., -1.,  0.,  0.,  0.],       [ 0.,  0.,  0.,  0.,  0.,  0.,  0.,  0.,  0.,  0.,  0.,  0.,  0.,         0.,  0.,  0.,  0.,  0.,  0.,  0.,  0.,  0.,  0.,  0.,  0.,  0.,         0.,  0.,  0., -1.,  0.,  0.],       [ 0.,  0.,  0.,  0.,  0.,  0.,  0.,  0.,  0.,  0.,  0.,  0.,  0.,         0.,  0.,  0.,  0.,  0.,  0.,  0.,  0.,  0.,  0.,  0.,  0.,  0.,         0.,  0.,  0.,  0., -1.,  0.],       [ 0.,  0.,  0.,  0.,  0.,  0.,  0.,  0.,  0.,  0.,  0.,  0.,  0.,         0.,  0.,  0.,  0.,  0.,  0.,  0.,  0.,  0.,  0.,  0.,  0.,  0.,         0.,  0.,  0.,  0.,  0., -1.]]),'5q:0')
1;5q:1;Baza(np.array([[1., 0., 0., 0., 0., 0., 0., 0., 0., 0., 0., 0., 0., 0., 0., 0.,        0., 0., 0., 0., 0., 0., 0., 0., 0., 0., 0., 0., 0., 0., 0., 0.],       [0., 1., 0., 0., 0., 0., 0., 0., 0., 0., 0., 0., 0., 0., 0., 0.,        0., 0., 0., 0., 0., 0., 0., 0., 0., 0., 0., 0., 0., 0., 0., 0.],       [0., 0., 1., 0., 0., 0., 0., 0., 0., 0., 0., 0., 0., 0., 0., 0.,        0., 0., 0., 0., 0., 0., 0., 0., 0., 0., 0., 0., 0., 0., 0., 0.],       [0., 0., 0., 1., 0., 0., 0., 0., 0., 0., 0., 0., 0., 0., 0., 0.,        0., 0., 0., 0., 0., 0., 0., 0., 0., 0., 0., 0., 0., 0., 0., 0.],       [0., 0., 0., 0., 1., 0., 0., 0., 0., 0., 0., 0., 0., 0., 0., 0.,        0., 0., 0., 0., 0., 0., 0., 0., 0., 0., 0., 0., 0., 0., 0., 0.],       [0., 0., 0., 0., 0., 1., 0., 0., 0., 0., 0., 0., 0., 0., 0., 0.,        0., 0., 0., 0., 0., 0., 0., 0., 0., 0., 0., 0., 0., 0., 0., 0.],       [0., 0., 0., 0., 0., 0., 1., 0., 0., 0., 0., 0., 0., 0., 0., 0.,        0., 0., 0., 0., 0., 0., 0., 0., 0., 0., 0., 0., 0., 0., 0., 0.],       [0., 0., 0., 0., 0., 0., 0., 1., 0., 0., 0., 0., 0., 0., 0., 0.,        0., 0., 0., 0., 0., 0., 0., 0., 0., 0., 0., 0., 0., 0., 0., 0.],       [0., 0., 0., 0., 0., 0., 0., 0., 1., 0., 0., 0., 0., 0., 0., 0.,        0., 0., 0., 0., 0., 0., 0., 0., 0., 0., 0., 0., 0., 0., 0., 0.],       [0., 0., 0., 0., 0., 0., 0., 0., 0., 1., 0., 0., 0., 0., 0., 0.,        0., 0., 0., 0., 0., 0., 0., 0., 0., 0., 0., 0., 0., 0., 0., 0.],       [0., 0., 0., 0., 0., 0., 0., 0., 0., 0., 1., 0., 0., 0., 0., 0.,        0., 0., 0., 0., 0., 0., 0., 0., 0., 0., 0., 0., 0., 0., 0., 0.],       [0., 0., 0., 0., 0., 0., 0., 0., 0., 0., 0., 1., 0., 0., 0., 0.,        0., 0., 0., 0., 0., 0., 0., 0., 0., 0., 0., 0., 0., 0., 0., 0.],       [0., 0., 0., 0., 0., 0., 0., 0., 0., 0., 0., 0., 1., 0., 0., 0.,        0., 0., 0., 0., 0., 0., 0., 0., 0., 0., 0., 0., 0., 0., 0., 0.],       [0., 0., 0., 0., 0., 0., 0., 0., 0., 0., 0., 0., 0., 1., 0., 0.,        0., 0., 0., 0., 0., 0., 0., 0., 0., 0., 0., 0., 0., 0., 0., 0.],       [0., 0., 0., 0., 0., 0., 0., 0., 0., 0., 0., 0., 0., 0., 1., 0.,        0., 0., 0., 0., 0., 0., 0., 0., 0., 0., 0., 0., 0., 0., 0., 0.],       [0., 0., 0., 0., 0., 0., 0., 0., 0., 0., 0., 0., 0., 0., 0., 1.,        0., 0., 0., 0., 0., 0., 0., 0., 0., 0., 0., 0., 0., 0., 0., 0.],       [0., 0., 0., 0., 0., 0., 0., 0., 0., 0., 0., 0., 0., 0., 0., 0.,        1., 0., 0., 0., 0., 0., 0., 0., 0., 0., 0., 0., 0., 0., 0., 0.],       [0., 0., 0., 0., 0., 0., 0., 0., 0., 0., 0., 0., 0., 0., 0., 0.,        0., 1., 0., 0., 0., 0., 0., 0., 0., 0., 0., 0., 0., 0., 0., 0.],       [0., 0., 0., 0., 0., 0., 0., 0., 0., 0., 0., 0., 0., 0., 0., 0.,        0., 0., 1., 0., 0., 0., 0., 0., 0., 0., 0., 0., 0., 0., 0., 0.],       [0., 0., 0., 0., 0., 0., 0., 0., 0., 0., 0., 0., 0., 0., 0., 0.,        0., 0., 0., 1., 0., 0., 0., 0., 0., 0., 0., 0., 0., 0., 0., 0.],       [0., 0., 0., 0., 0., 0., 0., 0., 0., 0., 0., 0., 0., 0., 0., 0.,        0., 0., 0., 0., 1., 0., 0., 0., 0., 0., 0., 0., 0., 0., 0., 0.],       [0., 0., 0., 0., 0., 0., 0., 0., 0., 0., 0., 0., 0., 0., 0., 0.,        0., 0., 0., 0., 0., 1., 0., 0., 0., 0., 0., 0., 0., 0., 0., 0.],       [0., 0., 0., 0., 0., 0., 0., 0., 0., 0., 0., 0., 0., 0., 0., 0.,        0., 0., 0., 0., 0., 0., 1., 0., 0., 0., 0., 0., 0., 0., 0., 0.],       [0., 0., 0., 0., 0., 0., 0., 0., 0., 0., 0., 0., 0., 0., 0., 0.,        0., 0., 0., 0., 0., 0., 0., 1., 0., 0., 0., 0., 0., 0., 0., 0.],       [0., 0., 0., 0., 0., 0., 0., 0., 0., 0., 0., 0., 0., 0., 0., 0.,        0., 0., 0., 0., 0., 0., 0., 0., 1., 0., 0., 0., 0., 0., 0., 0.],       [0., 0., 0., 0., 0., 0., 0., 0., 0., 0., 0., 0., 0., 0., 0., 0.,        0., 0., 0., 0., 0., 0., 0., 0., 0., 1., 0., 0., 0., 0., 0., 0.],       [0., 0., 0., 0., 0., 0., 0., 0., 0., 0., 0., 0., 0., 0., 0., 0.,        0., 0., 0., 0., 0., 0., 0., 0., 0., 0., 1., 0., 0., 0., 0., 0.],       [0., 0., 0., 0., 0., 0., 0., 0., 0., 0., 0., 0., 0., 0., 0., 0.,        0., 0., 0., 0., 0., 0., 0., 0., 0., 0., 0., 1., 0., 0., 0., 0.],       [0., 0., 0., 0., 0., 0., 0., 0., 0., 0., 0., 0., 0., 0., 0., 0.,        0., 0., 0., 0., 0., 0., 0., 0., 0., 0., 0., 0., 1., 0., 0., 0.],       [0., 0., 0., 0., 0., 0., 0., 0., 0., 0., 0., 0., 0., 0., 0., 0.,        0., 0., 0., 0., 0., 0., 0., 0., 0., 0., 0., 0., 0., 1., 0., 0.],       [0., 0., 0., 0., 0., 0., 0., 0., 0., 0., 0., 0., 0., 0., 0., 0.,        0., 0., 0., 0., 0., 0., 0., 0., 0., 0., 0., 0., 0., 0., 1., 0.],       [0., 0., 0., 0., 0., 0., 0., 0., 0., 0., 0., 0., 0., 0., 0., 0.,        0., 0., 0., 0., 0., 0., 0., 0., 0., 0., 0., 0., 0., 0., 0., 1.]]),'5q:1')
1;5q:i/2;Baza(np.array([[-1.,  0.,  0.,  0.,  0.,  0.,  0.,  0.,  0.,  0.,  0.,  0.,  0.,         0.,  0.,  0.,  0.,  0.,  0.,  0.,  0.,  0.,  0.,  0.,  0.,  0.,         0.,  0.,  0.,  0.,  0.,  0.],       [ 0.,  1.,  0.,  0.,  0.,  0.,  0.,  0.,  0.,  0.,  0.,  0.,  0.,         0.,  0.,  0.,  0.,  0.,  0.,  0.,  0.,  0.,  0.,  0.,  0.,  0.,         0.,  0.,  0.,  0.,  0.,  0.],       [ 0.,  0., -1.,  0.,  0.,  0.,  0.,  0.,  0.,  0.,  0.,  0.,  0.,         0.,  0.,  0.,  0.,  0.,  0.,  0.,  0.,  0.,  0.,  0.,  0.,  0.,         0.,  0.,  0.,  0.,  0.,  0.],       [ 0.,  0.,  0.,  1.,  0.,  0.,  0.,  0.,  0.,  0.,  0.,  0.,  0.,         0.,  0.,  0.,  0.,  0.,  0.,  0.,  0.,  0.,  0.,  0.,  0.,  0.,         0.,  0.,  0.,  0.,  0.,  0.],       [ 0.,  0.,  0.,  0., -1.,  0.,  0.,  0.,  0.,  0.,  0.,  0.,  0.,         0.,  0.,  0.,  0.,  0.,  0.,  0.,  0.,  0.,  0.,  0.,  0.,  0.,         0.,  0.,  0.,  0.,  0.,  0.],       [ 0.,  0.,  0.,  0.,  0.,  1.,  0.,  0.,  0.,  0.,  0.,  0.,  0.,         0.,  0.,  0.,  0.,  0.,  0.,  0.,  0.,  0.,  0.,  0.,  0.,  0.,         0.,  0.,  0.,  0.,  0.,  0.],       [ 0.,  0.,  0.,  0.,  0.,  0., -1.,  0.,  0.,  0.,  0.,  0.,  0.,         0.,  0.,  0.,  0.,  0.,  0.,  0.,  0.,  0.,  0.,  0.,  0.,  0.,         0.,  0.,  0.,  0.,  0.,  0.],       [ 0.,  0.,  0.,  0.,  0.,  0.,  0.,  1.,  0.,  0.,  0.,  0.,  0.,         0.,  0.,  0.,  0.,  0.,  0.,  0.,  0.,  0.,  0.,  0.,  0.,  0.,         0.,  0.,  0.,  0.,  0.,  0.],       [ 0.,  0.,  0.,  0.,  0.,  0.,  0.,  0., -1.,  0.,  0.,  0.,  0.,         0.,  0.,  0.,  0.,  0.,  0.,  0.,  0.,  0.,  0.,  0.,  0.,  0.,         0.,  0.,  0.,  0.,  0.,  0.],       [ 0.,  0.,  0.,  0.,  0.,  0.,  0.,  0.,  0.,  1.,  0.,  0.,  0.,         0.,  0.,  0.,  0.,  0.,  0.,  0.,  0.,  0.,  0.,  0.,  0.,  0.,         0.,  0.,  0.,  0.,  0.,  0.],       [ 0.,  0.,  0.,  0.,  0.,  0.,  0.,  0.,  0.,  0., -1.,  0.,  0.,         0.,  0.,  0.,  0.,  0.,  0.,  0.,  0.,  0.,  0.,  0.,  0.,  0.,         0.,  0.,  0.,  0.,  0.,  0.],       [ 0.,  0.,  0.,  0.,  0.,  0.,  0.,  0.,  0.,  0.,  0.,  1.,  0.,         0.,  0.,  0.,  0.,  0.,  0.,  0.,  0.,  0.,  0.,  0.,  0.,  0.,         0.,  0.,  0.,  0.,  0.,  0.],       [ 0.,  0.,  0.,  0.,  0.,  0.,  0.,  0.,  0.,  0.,  0.,  0., -1.,         0.,  0.,  0.,  0.,  0.,  0.,  0.,  0.,  0.,  0.,  0.,  0.,  0.,         0.,  0.,  0.,  0.,  0.,  0.],       [ 0.,  0.,  0.,  0.,  0.,  0.,  0.,  0.,  0.,  0.,  0.,  0.,  0.,         1.,  0.,  0.,  0.,  0.,  0.,  0.,  0.,  0.,  0.,  0.,  0.,  0.,         0.,  0.,  0.,  0.,  0.,  0.],       [ 0.,  0.,  0.,  0.,  0.,  0.,  0.,  0.,  0.,  0.,  0.,  0.,  0.,         0., -1.,  0.,  0.,  0.,  0.,  0.,  0.,  0.,  0.,  0.,  0.,  0.,         0.,  0.,  0.,  0.,  0.,  0.],       [ 0.,  0.,  0.,  0.,  0.,  0.,  0.,  0.,  0.,  0.,  0.,  0.,  0.,         0.,  0.,  1.,  0.,  0.,  0.,  0.,  0.,  0.,  0.,  0.,  0.,  0.,         0.,  0.,  0.,  0.,  0.,  0.],       [ 0.,  0.,  0.,  0.,  0.,  0.,  0.,  0.,  0.,  0.,  0.,  0.,  0.,         0.,  0.,  0., -1.,  0.,  0.,  0.,  0.,  0.,  0.,  0.,  0.,  0.,         0.,  0.,  0.,  0.,  0.,  0.],       [ 0.,  0.,  0.,  0.,  0.,  0.,  0.,  0.,  0.,  0.,  0.,  0.,  0.,         0.,  0.,  0.,  0.,  1.,  0.,  0.,  0.,  0.,  0.,  0.,  0.,  0.,         0.,  0.,  0.,  0.,  0.,  0.],       [ 0.,  0.,  0.,  0.,  0.,  0.,  0.,  0.,  0.,  0.,  0.,  0.,  0.,         0.,  0.,  0.,  0.,  0., -1.,  0.,  0.,  0.,  0.,  0.,  0.,  0.,         0.,  0.,  0.,  0.,  0.,  0.],       [ 0.,  0.,  0.,  0.,  0.,  0.,  0.,  0.,  0.,  0.,  0.,  0.,  0.,         0.,  0.,  0.,  0.,  0.,  0.,  1.,  0.,  0.,  0.,  0.,  0.,  0.,         0.,  0.,  0.,  0.,  0.,  0.],       [ 0.,  0.,  0.,  0.,  0.,  0.,  0.,  0.,  0.,  0.,  0.,  0.,  0.,         0.,  0.,  0.,  0.,  0.,  0.,  0., -1.,  0.,  0.,  0.,  0.,  0.,         0.,  0.,  0.,  0.,  0.,  0.],       [ 0.,  0.,  0.,  0.,  0.,  0.,  0.,  0.,  0.,  0.,  0.,  0.,  0.,         0.,  0.,  0.,  0.,  0.,  0.,  0.,  0.,  1.,  0.,  0.,  0.,  0.,         0.,  0.,  0.,  0.,  0.,  0.],       [ 0.,  0.,  0.,  0.,  0.,  0.,  0.,  0.,  0.,  0.,  0.,  0.,  0.,         0.,  0.,  0.,  0.,  0.,  0.,  0.,  0.,  0., -1.,  0.,  0.,  0.,         0.,  0.,  0.,  0.,  0.,  0.],       [ 0.,  0.,  0.,  0.,  0.,  0.,  0.,  0.,  0.,  0.,  0.,  0.,  0.,         0.,  0.,  0.,  0.,  0.,  0.,  0.,  0.,  0.,  0.,  1.,  0.,  0.,         0.,  0.,  0.,  0.,  0.,  0.],       [ 0.,  0.,  0.,  0.,  0.,  0.,  0.,  0.,  0.,  0.,  0.,  0.,  0.,         0.,  0.,  0.,  0.,  0.,  0.,  0.,  0.,  0.,  0.,  0., -1.,  0.,         0.,  0.,  0.,  0.,  0.,  0.],       [ 0.,  0.,  0.,  0.,  0.,  0.,  0.,  0.,  0.,  0.,  0.,  0.,  0.,         0.,  0.,  0.,  0.,  0.,  0.,  0.,  0.,  0.,  0.,  0.,  0.,  1.,         0.,  0.,  0.,  0.,  0.,  0.],       [ 0.,  0.,  0.,  0.,  0.,  0.,  0.,  0.,  0.,  0.,  0.,  0.,  0.,         0.,  0.,  0.,  0.,  0.,  0.,  0.,  0.,  0.,  0.,  0.,  0.,  0.,        -1.,  0.,  0.,  0.,  0.,  0.],       [ 0.,  0.,  0.,  0.,  0.,  0.,  0.,  0.,  0.,  0.,  0.,  0.,  0.,         0.,  0.,  0.,  0.,  0.,  0.,  0.,  0.,  0.,  0.,  0.,  0.,  0.,         0.,  1.,  0.,  0.,  0.,  0.],       [ 0.,  0.,  0.,  0.,  0.,  0.,  0.,  0.,  0.,  0.,  0.,  0.,  0.,         0.,  0.,  0.,  0.,  0.,  0.,  0.,  0.,  0.,  0.,  0.,  0.,  0.,         0.,  0., -1.,  0.,  0.,  0.],       [ 0.,  0.,  0.,  0.,  0.,  0.,  0.,  0.,  0.,  0.,  0.,  0.,  0.,         0.,  0.,  0.,  0.,  0.,  0.,  0.,  0.,  0.,  0.,  0.,  0.,  0.,         0.,  0.,  0.,  1.,  0.,  0.],       [ 0.,  0.,  0.,  0.,  0.,  0.,  0.,  0.,  0.,  0.,  0.,  0.,  0.,         0.,  0.,  0.,  0.,  0.,  0.,  0.,  0.,  0.,  0.,  0.,  0.,  0.,         0.,  0.,  0.,  0., -1.,  0.],       [ 0.,  0.,  0.,  0.,  0.,  0.,  0.,  0.,  0.,  0.,  0.,  0.,  0.,         0.,  0.,  0.,  0.,  0.,  0.,  0.,  0.,  0.,  0.,  0.,  0.,  0.,         0.,  0.,  0.,  0.,  0.,  1.]]),'5q:i/2')
1;6Qoracle;Baza(np.array([[ 1.,  0.,  0.,  0.,  0.,  0.,  0.,  0.,  0.,  0.,  0.,  0.,  0.,         0.,  0.,  0.,  0.,  0.,  0.,  0.,  0.,  0.,  0.,  0.,  0.,  0.,         0.,  0.,  0.,  0.,  0.,  0.,  0.,  0.,  0.,  0.,  0.,  0.,  0.,         0.,  0.,  0.,  0.,  0.,  0.,  0.,  0.,  0.,  0.,  0.,  0.,  0.,         0.,  0.,  0.,  0.,  0.,  0.,  0.,  0.,  0.,  0.,  0.,  0.],       [ 0.,  1.,  0.,  0.,  0.,  0.,  0.,  0.,  0.,  0.,  0.,  0.,  0.,         0.,  0.,  0.,  0.,  0.,  0.,  0.,  0.,  0.,  0.,  0.,  0.,  0.,         0.,  0.,  0.,  0.,  0.,  0.,  0.,  0.,  0.,  0.,  0.,  0.,  0.,         0.,  0.,  0.,  0.,  0.,  0.,  0.,  0.,  0.,  0.,  0.,  0.,  0.,         0.,  0.,  0.,  0.,  0.,  0.,  0.,  0.,  0.,  0.,  0.,  0.],       [ 0.,  0.,  1.,  0.,  0.,  0.,  0.,  0.,  0.,  0.,  0.,  0.,  0.,         0.,  0.,  0.,  0.,  0.,  0.,  0.,  0.,  0.,  0.,  0.,  0.,  0.,         0.,  0.,  0.,  0.,  0.,  0.,  0.,  0.,  0.,  0.,  0.,  0.,  0.,         0.,  0.,  0.,  0.,  0.,  0.,  0.,  0.,  0.,  0.,  0.,  0.,  0.,         0.,  0.,  0.,  0.,  0.,  0.,  0.,  0.,  0.,  0.,  0.,  0.],       [ 0.,  0.,  0.,  1.,  0.,  0.,  0.,  0.,  0.,  0.,  0.,  0.,  0.,         0.,  0.,  0.,  0.,  0.,  0.,  0.,  0.,  0.,  0.,  0.,  0.,  0.,         0.,  0.,  0.,  0.,  0.,  0.,  0.,  0.,  0.,  0.,  0.,  0.,  0.,         0.,  0.,  0.,  0.,  0.,  0.,  0.,  0.,  0.,  0.,  0.,  0.,  0.,         0.,  0.,  0.,  0.,  0.,  0.,  0.,  0.,  0.,  0.,  0.,  0.],       [ 0.,  0.,  0.,  0.,  1.,  0.,  0.,  0.,  0.,  0.,  0.,  0.,  0.,         0.,  0.,  0.,  0.,  0.,  0.,  0.,  0.,  0.,  0.,  0.,  0.,  0.,         0.,  0.,  0.,  0.,  0.,  0.,  0.,  0.,  0.,  0.,  0.,  0.,  0.,         0.,  0.,  0.,  0.,  0.,  0.,  0.,  0.,  0.,  0.,  0.,  0.,  0.,         0.,  0.,  0.,  0.,  0.,  0.,  0.,  0.,  0.,  0.,  0.,  0.],       [ 0.,  0.,  0.,  0.,  0.,  1.,  0.,  0.,  0.,  0.,  0.,  0.,  0.,         0.,  0.,  0.,  0.,  0.,  0.,  0.,  0.,  0.,  0.,  0.,  0.,  0.,         0.,  0.,  0.,  0.,  0.,  0.,  0.,  0.,  0.,  0.,  0.,  0.,  0.,         0.,  0.,  0.,  0.,  0.,  0.,  0.,  0.,  0.,  0.,  0.,  0.,  0.,         0.,  0.,  0.,  0.,  0.,  0.,  0.,  0.,  0.,  0.,  0.,  0.],       [ 0.,  0.,  0.,  0.,  0.,  0.,  1.,  0.,  0.,  0.,  0.,  0.,  0.,         0.,  0.,  0.,  0.,  0.,  0.,  0.,  0.,  0.,  0.,  0.,  0.,  0.,         0.,  0.,  0.,  0.,  0.,  0.,  0.,  0.,  0.,  0.,  0.,  0.,  0.,         0.,  0.,  0.,  0.,  0.,  0.,  0.,  0.,  0.,  0.,  0.,  0.,  0.,         0.,  0.,  0.,  0.,  0.,  0.,  0.,  0.,  0.,  0.,  0.,  0.],       [ 0.,  0.,  0.,  0.,  0.,  0.,  0.,  1.,  0.,  0.,  0.,  0.,  0.,         0.,  0.,  0.,  0.,  0.,  0.,  0.,  0.,  0.,  0.,  0.,  0.,  0.,         0.,  0.,  0.,  0.,  0.,  0.,  0.,  0.,  0.,  0.,  0.,  0.,  0.,         0.,  0.,  0.,  0.,  0.,  0.,  0.,  0.,  0.,  0.,  0.,  0.,  0.,         0.,  0.,  0.,  0.,  0.,  0.,  0.,  0.,  0.,  0.,  0.,  0.],       [ 0.,  0.,  0.,  0.,  0.,  0.,  0.,  0.,  1.,  0.,  0.,  0.,  0.,         0.,  0.,  0.,  0.,  0.,  0.,  0.,  0.,  0.,  0.,  0.,  0.,  0.,         0.,  0.,  0.,  0.,  0.,  0.,  0.,  0.,  0.,  0.,  0.,  0.,  0.,         0.,  0.,  0.,  0.,  0.,  0.,  0.,  0.,  0.,  0.,  0.,  0.,  0.,         0.,  0.,  0.,  0.,  0.,  0.,  0.,  0.,  0.,  0.,  0.,  0.],       [ 0.,  0.,  0.,  0.,  0.,  0.,  0.,  0.,  0.,  1.,  0.,  0.,  0.,         0.,  0.,  0.,  0.,  0.,  0.,  0.,  0.,  0.,  0.,  0.,  0.,  0.,         0.,  0.,  0.,  0.,  0.,  0.,  0.,  0.,  0.,  0.,  0.,  0.,  0.,         0.,  0.,  0.,  0.,  0.,  0.,  0.,  0.,  0.,  0.,  0.,  0.,  0.,         0.,  0.,  0.,  0.,  0.,  0.,  0.,  0.,  0.,  0.,  0.,  0.],       [ 0.,  0.,  0.,  0.,  0.,  0.,  0.,  0.,  0.,  0.,  1.,  0.,  0.,         0.,  0.,  0.,  0.,  0.,  0.,  0.,  0.,  0.,  0.,  0.,  0.,  0.,         0.,  0.,  0.,  0.,  0.,  0.,  0.,  0.,  0.,  0.,  0.,  0.,  0.,         0.,  0.,  0.,  0.,  0.,  0.,  0.,  0.,  0.,  0.,  0.,  0.,  0.,         0.,  0.,  0.,  0.,  0.,  0.,  0.,  0.,  0.,  0.,  0.,  0.],       [ 0.,  0.,  0.,  0.,  0.,  0.,  0.,  0.,  0.,  0.,  0.,  1.,  0.,         0.,  0.,  0.,  0.,  0.,  0.,  0.,  0.,  0.,  0.,  0.,  0.,  0.,         0.,  0.,  0.,  0.,  0.,  0.,  0.,  0.,  0.,  0.,  0.,  0.,  0.,         0.,  0.,  0.,  0.,  0.,  0.,  0.,  0.,  0.,  0.,  0.,  0.,  0.,         0.,  0.,  0.,  0.,  0.,  0.,  0.,  0.,  0.,  0.,  0.,  0.],       [ 0.,  0.,  0.,  0.,  0.,  0.,  0.,  0.,  0.,  0.,  0.,  0.,  1.,         0.,  0.,  0.,  0.,  0.,  0.,  0.,  0.,  0.,  0.,  0.,  0.,  0.,         0.,  0.,  0.,  0.,  0.,  0.,  0.,  0.,  0.,  0.,  0.,  0.,  0.,         0.,  0.,  0.,  0.,  0.,  0.,  0.,  0.,  0.,  0.,  0.,  0.,  0.,         0.,  0.,  0.,  0.,  0.,  0.,  0.,  0.,  0.,  0.,  0.,  0.],       [ 0.,  0.,  0.,  0.,  0.,  0.,  0.,  0.,  0.,  0.,  0.,  0.,  0.,         1.,  0.,  0.,  0.,  0.,  0.,  0.,  0.,  0.,  0.,  0.,  0.,  0.,         0.,  0.,  0.,  0.,  0.,  0.,  0.,  0.,  0.,  0.,  0.,  0.,  0.,         0.,  0.,  0.,  0.,  0.,  0.,  0.,  0.,  0.,  0.,  0.,  0.,  0.,         0.,  0.,  0.,  0.,  0.,  0.,  0.,  0.,  0.,  0.,  0.,  0.],       [ 0.,  0.,  0.,  0.,  0.,  0.,  0.,  0.,  0.,  0.,  0.,  0.,  0.,         0.,  1.,  0.,  0.,  0.,  0.,  0.,  0.,  0.,  0.,  0.,  0.,  0.,         0.,  0.,  0.,  0.,  0.,  0.,  0.,  0.,  0.,  0.,  0.,  0.,  0.,         0.,  0.,  0.,  0.,  0.,  0.,  0.,  0.,  0.,  0.,  0.,  0.,  0.,         0.,  0.,  0.,  0.,  0.,  0.,  0.,  0.,  0.,  0.,  0.,  0.],       [ 0.,  0.,  0.,  0.,  0.,  0.,  0.,  0.,  0.,  0.,  0.,  0.,  0.,         0.,  0.,  1.,  0.,  0.,  0.,  0.,  0.,  0.,  0.,  0.,  0.,  0.,         0.,  0.,  0.,  0.,  0.,  0.,  0.,  0.,  0.,  0.,  0.,  0.,  0.,         0.,  0.,  0.,  0.,  0.,  0.,  0.,  0.,  0.,  0.,  0.,  0.,  0.,         0.,  0.,  0.,  0.,  0.,  0.,  0.,  0.,  0.,  0.,  0.,  0.],       [ 0.,  0.,  0.,  0.,  0.,  0.,  0.,  0.,  0.,  0.,  0.,  0.,  0.,         0.,  0.,  0.,  1.,  0.,  0.,  0.,  0.,  0.,  0.,  0.,  0.,  0.,         0.,  0.,  0.,  0.,  0.,  0.,  0.,  0.,  0.,  0.,  0.,  0.,  0.,         0.,  0.,  0.,  0.,  0.,  0.,  0.,  0.,  0.,  0.,  0.,  0.,  0.,         0.,  0.,  0.,  0.,  0.,  0.,  0.,  0.,  0.,  0.,  0.,  0.],       [ 0.,  0.,  0.,  0.,  0.,  0.,  0.,  0.,  0.,  0.,  0.,  0.,  0.,         0.,  0.,  0.,  0.,  1.,  0.,  0.,  0.,  0.,  0.,  0.,  0.,  0.,         0.,  0.,  0.,  0.,  0.,  0.,  0.,  0.,  0.,  0.,  0.,  0.,  0.,         0.,  0.,  0.,  0.,  0.,  0.,  0.,  0.,  0.,  0.,  0.,  0.,  0.,         0.,  0.,  0.,  0.,  0.,  0.,  0.,  0.,  0.,  0.,  0.,  0.],       [ 0.,  0.,  0.,  0.,  0.,  0.,  0.,  0.,  0.,  0.,  0.,  0.,  0.,         0.,  0.,  0.,  0.,  0.,  1.,  0.,  0.,  0.,  0.,  0.,  0.,  0.,         0.,  0.,  0.,  0.,  0.,  0.,  0.,  0.,  0.,  0.,  0.,  0.,  0.,         0.,  0.,  0.,  0.,  0.,  0.,  0.,  0.,  0.,  0.,  0.,  0.,  0.,         0.,  0.,  0.,  0.,  0.,  0.,  0.,  0.,  0.,  0.,  0.,  0.],       [ 0.,  0.,  0.,  0.,  0.,  0.,  0.,  0.,  0.,  0.,  0.,  0.,  0.,         0.,  0.,  0.,  0.,  0.,  0.,  1.,  0.,  0.,  0.,  0.,  0.,  0.,         0.,  0.,  0.,  0.,  0.,  0.,  0.,  0.,  0.,  0.,  0.,  0.,  0.,         0.,  0.,  0.,  0.,  0.,  0.,  0.,  0.,  0.,  0.,  0.,  0.,  0.,         0.,  0.,  0.,  0.,  0.,  0.,  0.,  0.,  0.,  0.,  0.,  0.],       [ 0.,  0.,  0.,  0.,  0.,  0.,  0.,  0.,  0.,  0.,  0.,  0.,  0.,         0.,  0.,  0.,  0.,  0.,  0.,  0.,  1.,  0.,  0.,  0.,  0.,  0.,         0.,  0.,  0.,  0.,  0.,  0.,  0.,  0.,  0.,  0.,  0.,  0.,  0.,         0.,  0.,  0.,  0.,  0.,  0.,  0.,  0.,  0.,  0.,  0.,  0.,  0.,         0.,  0.,  0.,  0.,  0.,  0.,  0.,  0.,  0.,  0.,  0.,  0.],       [ 0.,  0.,  0.,  0.,  0.,  0.,  0.,  0.,  0.,  0.,  0.,  0.,  0.,         0.,  0.,  0.,  0.,  0.,  0.,  0.,  0.,  1.,  0.,  0.,  0.,  0.,         0.,  0.,  0.,  0.,  0.,  0.,  0.,  0.,  0.,  0.,  0.,  0.,  0.,         0.,  0.,  0.,  0.,  0.,  0.,  0.,  0.,  0.,  0.,  0.,  0.,  0.,         0.,  0.,  0.,  0.,  0.,  0.,  0.,  0.,  0.,  0.,  0.,  0.],       [ 0.,  0.,  0.,  0.,  0.,  0.,  0.,  0.,  0.,  0.,  0.,  0.,  0.,         0.,  0.,  0.,  0.,  0.,  0.,  0.,  0.,  0.,  1.,  0.,  0.,  0.,         0.,  0.,  0.,  0.,  0.,  0.,  0.,  0.,  0.,  0.,  0.,  0.,  0.,         0.,  0.,  0.,  0.,  0.,  0.,  0.,  0.,  0.,  0.,  0.,  0.,  0.,         0.,  0.,  0.,  0.,  0.,  0.,  0.,  0.,  0.,  0.,  0.,  0.],       [ 0.,  0.,  0.,  0.,  0.,  0.,  0.,  0.,  0.,  0.,  0.,  0.,  0.,         0.,  0.,  0.,  0.,  0.,  0.,  0.,  0.,  0.,  0.,  1.,  0.,  0.,         0.,  0.,  0.,  0.,  0.,  0.,  0.,  0.,  0.,  0.,  0.,  0.,  0.,         0.,  0.,  0.,  0.,  0.,  0.,  0.,  0.,  0.,  0.,  0.,  0.,  0.,         0.,  0.,  0.,  0.,  0.,  0.,  0.,  0.,  0.,  0.,  0.,  0.],       [ 0.,  0.,  0.,  0.,  0.,  0.,  0.,  0.,  0.,  0.,  0.,  0.,  0.,         0.,  0.,  0.,  0.,  0.,  0.,  0.,  0.,  0.,  0.,  0.,  1.,  0.,         0.,  0.,  0.,  0.,  0.,  0.,  0.,  0.,  0.,  0.,  0.,  0.,  0.,         0.,  0.,  0.,  0.,  0.,  0.,  0.,  0.,  0.,  0.,  0.,  0.,  0.,         0.,  0.,  0.,  0.,  0.,  0.,  0.,  0.,  0.,  0.,  0.,  0.],       [ 0.,  0.,  0.,  0.,  0.,  0.,  0.,  0.,  0.,  0.,  0.,  0.,  0.,         0.,  0.,  0.,  0.,  0.,  0.,  0.,  0.,  0.,  0.,  0.,  0.,  1.,         0.,  0.,  0.,  0.,  0.,  0.,  0.,  0.,  0.,  0.,  0.,  0.,  0.,         0.,  0.,  0.,  0.,  0.,  0.,  0.,  0.,  0.,  0.,  0.,  0.,  0.,         0.,  0.,  0.,  0.,  0.,  0.,  0.,  0.,  0.,  0.,  0.,  0.],       [ 0.,  0.,  0.,  0.,  0.,  0.,  0.,  0.,  0.,  0.,  0.,  0.,  0.,         0.,  0.,  0.,  0.,  0.,  0.,  0.,  0.,  0.,  0.,  0.,  0.,  0.,         1.,  0.,  0.,  0.,  0.,  0.,  0.,  0.,  0.,  0.,  0.,  0.,  0.,         0.,  0.,  0.,  0.,  0.,  0.,  0.,  0.,  0.,  0.,  0.,  0.,  0.,         0.,  0.,  0.,  0.,  0.,  0.,  0.,  0.,  0.,  0.,  0.,  0.],       [ 0.,  0.,  0.,  0.,  0.,  0.,  0.,  0.,  0.,  0.,  0.,  0.,  0.,         0.,  0.,  0.,  0.,  0.,  0.,  0.,  0.,  0.,  0.,  0.,  0.,  0.,         0.,  1.,  0.,  0.,  0.,  0.,  0.,  0.,  0.,  0.,  0.,  0.,  0.,         0.,  0.,  0.,  0.,  0.,  0.,  0.,  0.,  0.,  0.,  0.,  0.,  0.,         0.,  0.,  0.,  0.,  0.,  0.,  0.,  0.,  0.,  0.,  0.,  0.],       [ 0.,  0.,  0.,  0.,  0.,  0.,  0.,  0.,  0.,  0.,  0.,  0.,  0.,         0.,  0.,  0.,  0.,  0.,  0.,  0.,  0.,  0.,  0.,  0.,  0.,  0.,         0.,  0.,  1.,  0.,  0.,  0.,  0.,  0.,  0.,  0.,  0.,  0.,  0.,         0.,  0.,  0.,  0.,  0.,  0.,  0.,  0.,  0.,  0.,  0.,  0.,  0.,         0.,  0.,  0.,  0.,  0.,  0.,  0.,  0.,  0.,  0.,  0.,  0.],       [ 0.,  0.,  0.,  0.,  0.,  0.,  0.,  0.,  0.,  0.,  0.,  0.,  0.,         0.,  0.,  0.,  0.,  0.,  0.,  0.,  0.,  0.,  0.,  0.,  0.,  0.,         0.,  0.,  0.,  1.,  0.,  0.,  0.,  0.,  0.,  0.,  0.,  0.,  0.,         0.,  0.,  0.,  0.,  0.,  0.,  0.,  0.,  0.,  0.,  0.,  0.,  0.,         0.,  0.,  0.,  0.,  0.,  0.,  0.,  0.,  0.,  0.,  0.,  0.],       [ 0.,  0.,  0.,  0.,  0.,  0.,  0.,  0.,  0.,  0.,  0.,  0.,  0.,         0.,  0.,  0.,  0.,  0.,  0.,  0.,  0.,  0.,  0.,  0.,  0.,  0.,         0.,  0.,  0.,  0.,  1.,  0.,  0.,  0.,  0.,  0.,  0.,  0.,  0.,         0.,  0.,  0.,  0.,  0.,  0.,  0.,  0.,  0.,  0.,  0.,  0.,  0.,         0.,  0.,  0.,  0.,  0.,  0.,  0.,  0.,  0.,  0.,  0.,  0.],       [ 0.,  0.,  0.,  0.,  0.,  0.,  0.,  0.,  0.,  0.,  0.,  0.,  0.,         0.,  0.,  0.,  0.,  0.,  0.,  0.,  0.,  0.,  0.,  0.,  0.,  0.,         0.,  0.,  0.,  0.,  0.,  1.,  0.,  0.,  0.,  0.,  0.,  0.,  0.,         0.,  0.,  0.,  0.,  0.,  0.,  0.,  0.,  0.,  0.,  0.,  0.,  0.,         0.,  0.,  0.,  0.,  0.,  0.,  0.,  0.,  0.,  0.,  0.,  0.],       [ 0.,  0.,  0.,  0.,  0.,  0.,  0.,  0.,  0.,  0.,  0.,  0.,  0.,         0.,  0.,  0.,  0.,  0.,  0.,  0.,  0.,  0.,  0.,  0.,  0.,  0.,         0.,  0.,  0.,  0.,  0.,  0.,  1.,  0.,  0.,  0.,  0.,  0.,  0.,         0.,  0.,  0.,  0.,  0.,  0.,  0.,  0.,  0.,  0.,  0.,  0.,  0.,         0.,  0.,  0.,  0.,  0.,  0.,  0.,  0.,  0.,  0.,  0.,  0.],       [ 0.,  0.,  0.,  0.,  0.,  0.,  0.,  0.,  0.,  0.,  0.,  0.,  0.,         0.,  0.,  0.,  0.,  0.,  0.,  0.,  0.,  0.,  0.,  0.,  0.,  0.,         0.,  0.,  0.,  0.,  0.,  0.,  0.,  1.,  0.,  0.,  0.,  0.,  0.,         0.,  0.,  0.,  0.,  0.,  0.,  0.,  0.,  0.,  0.,  0.,  0.,  0.,         0.,  0.,  0.,  0.,  0.,  0.,  0.,  0.,  0.,  0.,  0.,  0.],       [ 0.,  0.,  0.,  0.,  0.,  0.,  0.,  0.,  0.,  0.,  0.,  0.,  0.,         0.,  0.,  0.,  0.,  0.,  0.,  0.,  0.,  0.,  0.,  0.,  0.,  0.,         0.,  0.,  0.,  0.,  0.,  0.,  0.,  0.,  1.,  0.,  0.,  0.,  0.,         0.,  0.,  0.,  0.,  0.,  0.,  0.,  0.,  0.,  0.,  0.,  0.,  0.,         0.,  0.,  0.,  0.,  0.,  0.,  0.,  0.,  0.,  0.,  0.,  0.],       [ 0.,  0.,  0.,  0.,  0.,  0.,  0.,  0.,  0.,  0.,  0.,  0.,  0.,         0.,  0.,  0.,  0.,  0.,  0.,  0.,  0.,  0.,  0.,  0.,  0.,  0.,         0.,  0.,  0.,  0.,  0.,  0.,  0.,  0.,  0.,  1.,  0.,  0.,  0.,         0.,  0.,  0.,  0.,  0.,  0.,  0.,  0.,  0.,  0.,  0.,  0.,  0.,         0.,  0.,  0.,  0.,  0.,  0.,  0.,  0.,  0.,  0.,  0.,  0.],       [ 0.,  0.,  0.,  0.,  0.,  0.,  0.,  0.,  0.,  0.,  0.,  0.,  0.,         0.,  0.,  0.,  0.,  0.,  0.,  0.,  0.,  0.,  0.,  0.,  0.,  0.,         0.,  0.,  0.,  0.,  0.,  0.,  0.,  0.,  0.,  0.,  1.,  0.,  0.,         0.,  0.,  0.,  0.,  0.,  0.,  0.,  0.,  0.,  0.,  0.,  0.,  0.,         0.,  0.,  0.,  0.,  0.,  0.,  0.,  0.,  0.,  0.,  0.,  0.],       [ 0.,  0.,  0.,  0.,  0.,  0.,  0.,  0.,  0.,  0.,  0.,  0.,  0.,         0.,  0.,  0.,  0.,  0.,  0.,  0.,  0.,  0.,  0.,  0.,  0.,  0.,         0.,  0.,  0.,  0.,  0.,  0.,  0.,  0.,  0.,  0.,  0.,  1.,  0.,         0.,  0.,  0.,  0.,  0.,  0.,  0.,  0.,  0.,  0.,  0.,  0.,  0.,         0.,  0.,  0.,  0.,  0.,  0.,  0.,  0.,  0.,  0.,  0.,  0.],       [ 0.,  0.,  0.,  0.,  0.,  0.,  0.,  0.,  0.,  0.,  0.,  0.,  0.,         0.,  0.,  0.,  0.,  0.,  0.,  0.,  0.,  0.,  0.,  0.,  0.,  0.,         0.,  0.,  0.,  0.,  0.,  0.,  0.,  0.,  0.,  0.,  0.,  0.,  1.,         0.,  0.,  0.,  0.,  0.,  0.,  0.,  0.,  0.,  0.,  0.,  0.,  0.,         0.,  0.,  0.,  0.,  0.,  0.,  0.,  0.,  0.,  0.,  0.,  0.],       [ 0.,  0.,  0.,  0.,  0.,  0.,  0.,  0.,  0.,  0.,  0.,  0.,  0.,         0.,  0.,  0.,  0.,  0.,  0.,  0.,  0.,  0.,  0.,  0.,  0.,  0.,         0.,  0.,  0.,  0.,  0.,  0.,  0.,  0.,  0.,  0.,  0.,  0.,  0.,         1.,  0.,  0.,  0.,  0.,  0.,  0.,  0.,  0.,  0.,  0.,  0.,  0.,         0.,  0.,  0.,  0.,  0.,  0.,  0.,  0.,  0.,  0.,  0.,  0.],       [ 0.,  0.,  0.,  0.,  0.,  0.,  0.,  0.,  0.,  0.,  0.,  0.,  0.,         0.,  0.,  0.,  0.,  0.,  0.,  0.,  0.,  0.,  0.,  0.,  0.,  0.,         0.,  0.,  0.,  0.,  0.,  0.,  0.,  0.,  0.,  0.,  0.,  0.,  0.,         0.,  1.,  0.,  0.,  0.,  0.,  0.,  0.,  0.,  0.,  0.,  0.,  0.,         0.,  0.,  0.,  0.,  0.,  0.,  0.,  0.,  0.,  0.,  0.,  0.],       [ 0.,  0.,  0.,  0.,  0.,  0.,  0.,  0.,  0.,  0.,  0.,  0.,  0.,         0.,  0.,  0.,  0.,  0.,  0.,  0.,  0.,  0.,  0.,  0.,  0.,  0.,         0.,  0.,  0.,  0.,  0.,  0.,  0.,  0.,  0.,  0.,  0.,  0.,  0.,         0.,  0.,  1.,  0.,  0.,  0.,  0.,  0.,  0.,  0.,  0.,  0.,  0.,         0.,  0.,  0.,  0.,  0.,  0.,  0.,  0.,  0.,  0.,  0.,  0.],       [ 0.,  0.,  0.,  0.,  0.,  0.,  0.,  0.,  0.,  0.,  0.,  0.,  0.,         0.,  0.,  0.,  0.,  0.,  0.,  0.,  0.,  0.,  0.,  0.,  0.,  0.,         0.,  0.,  0.,  0.,  0.,  0.,  0.,  0.,  0.,  0.,  0.,  0.,  0.,         0.,  0.,  0.,  1.,  0.,  0.,  0.,  0.,  0.,  0.,  0.,  0.,  0.,         0.,  0.,  0.,  0.,  0.,  0.,  0.,  0.,  0.,  0.,  0.,  0.],       [ 0.,  0.,  0.,  0.,  0.,  0.,  0.,  0.,  0.,  0.,  0.,  0.,  0.,         0.,  0.,  0.,  0.,  0.,  0.,  0.,  0.,  0.,  0.,  0.,  0.,  0.,         0.,  0.,  0.,  0.,  0.,  0.,  0.,  0.,  0.,  0.,  0.,  0.,  0.,         0.,  0.,  0.,  0.,  1.,  0.,  0.,  0.,  0.,  0.,  0.,  0.,  0.,         0.,  0.,  0.,  0.,  0.,  0.,  0.,  0.,  0.,  0.,  0.,  0.],       [ 0.,  0.,  0.,  0.,  0.,  0.,  0.,  0.,  0.,  0.,  0.,  0.,  0.,         0.,  0.,  0.,  0.,  0.,  0.,  0.,  0.,  0.,  0.,  0.,  0.,  0.,         0.,  0.,  0.,  0.,  0.,  0.,  0.,  0.,  0.,  0.,  0.,  0.,  0.,         0.,  0.,  0.,  0.,  0.,  1.,  0.,  0.,  0.,  0.,  0.,  0.,  0.,         0.,  0.,  0.,  0.,  0.,  0.,  0.,  0.,  0.,  0.,  0.,  0.],       [ 0.,  0.,  0.,  0.,  0.,  0.,  0.,  0.,  0.,  0.,  0.,  0.,  0.,         0.,  0.,  0.,  0.,  0.,  0.,  0.,  0.,  0.,  0.,  0.,  0.,  0.,         0.,  0.,  0.,  0.,  0.,  0.,  0.,  0.,  0.,  0.,  0.,  0.,  0.,         0.,  0.,  0.,  0.,  0.,  0.,  1.,  0.,  0.,  0.,  0.,  0.,  0.,         0.,  0.,  0.,  0.,  0.,  0.,  0.,  0.,  0.,  0.,  0.,  0.],       [ 0.,  0.,  0.,  0.,  0.,  0.,  0.,  0.,  0.,  0.,  0.,  0.,  0.,         0.,  0.,  0.,  0.,  0.,  0.,  0.,  0.,  0.,  0.,  0.,  0.,  0.,         0.,  0.,  0.,  0.,  0.,  0.,  0.,  0.,  0.,  0.,  0.,  0.,  0.,         0.,  0.,  0.,  0.,  0.,  0.,  0.,  1.,  0.,  0.,  0.,  0.,  0.,         0.,  0.,  0.,  0.,  0.,  0.,  0.,  0.,  0.,  0.,  0.,  0.],       [ 0.,  0.,  0.,  0.,  0.,  0.,  0.,  0.,  0.,  0.,  0.,  0.,  0.,         0.,  0.,  0.,  0.,  0.,  0.,  0.,  0.,  0.,  0.,  0.,  0.,  0.,         0.,  0.,  0.,  0.,  0.,  0.,  0.,  0.,  0.,  0.,  0.,  0.,  0.,         0.,  0.,  0.,  0.,  0.,  0.,  0.,  0.,  1.,  0.,  0.,  0.,  0.,         0.,  0.,  0.,  0.,  0.,  0.,  0.,  0.,  0.,  0.,  0.,  0.],       [ 0.,  0.,  0.,  0.,  0.,  0.,  0.,  0.,  0.,  0.,  0.,  0.,  0.,         0.,  0.,  0.,  0.,  0.,  0.,  0.,  0.,  0.,  0.,  0.,  0.,  0.,         0.,  0.,  0.,  0.,  0.,  0.,  0.,  0.,  0.,  0.,  0.,  0.,  0.,         0.,  0.,  0.,  0.,  0.,  0.,  0.,  0.,  0.,  1.,  0.,  0.,  0.,         0.,  0.,  0.,  0.,  0.,  0.,  0.,  0.,  0.,  0.,  0.,  0.],       [ 0.,  0.,  0.,  0.,  0.,  0.,  0.,  0.,  0.,  0.,  0.,  0.,  0.,         0.,  0.,  0.,  0.,  0.,  0.,  0.,  0.,  0.,  0.,  0.,  0.,  0.,         0.,  0.,  0.,  0.,  0.,  0.,  0.,  0.,  0.,  0.,  0.,  0.,  0.,         0.,  0.,  0.,  0.,  0.,  0.,  0.,  0.,  0.,  0.,  1.,  0.,  0.,         0.,  0.,  0.,  0.,  0.,  0.,  0.,  0.,  0.,  0.,  0.,  0.],       [ 0.,  0.,  0.,  0.,  0.,  0.,  0.,  0.,  0.,  0.,  0.,  0.,  0.,         0.,  0.,  0.,  0.,  0.,  0.,  0.,  0.,  0.,  0.,  0.,  0.,  0.,         0.,  0.,  0.,  0.,  0.,  0.,  0.,  0.,  0.,  0.,  0.,  0.,  0.,         0.,  0.,  0.,  0.,  0.,  0.,  0.,  0.,  0.,  0.,  0.,  1.,  0.,         0.,  0.,  0.,  0.,  0.,  0.,  0.,  0.,  0.,  0.,  0.,  0.],       [ 0.,  0.,  0.,  0.,  0.,  0.,  0.,  0.,  0.,  0.,  0.,  0.,  0.,         0.,  0.,  0.,  0.,  0.,  0.,  0.,  0.,  0.,  0.,  0.,  0.,  0.,         0.,  0.,  0.,  0.,  0.,  0.,  0.,  0.,  0.,  0.,  0.,  0.,  0.,         0.,  0.,  0.,  0.,  0.,  0.,  0.,  0.,  0.,  0.,  0.,  0.,  1.,         0.,  0.,  0.,  0.,  0.,  0.,  0.,  0.,  0.,  0.,  0.,  0.],       [ 0.,  0.,  0.,  0.,  0.,  0.,  0.,  0.,  0.,  0.,  0.,  0.,  0.,         0.,  0.,  0.,  0.,  0.,  0.,  0.,  0.,  0.,  0.,  0.,  0.,  0.,         0.,  0.,  0.,  0.,  0.,  0.,  0.,  0.,  0.,  0.,  0.,  0.,  0.,         0.,  0.,  0.,  0.,  0.,  0.,  0.,  0.,  0.,  0.,  0.,  0.,  0.,         1.,  0.,  0.,  0.,  0.,  0.,  0.,  0.,  0.,  0.,  0.,  0.],       [ 0.,  0.,  0.,  0.,  0.,  0.,  0.,  0.,  0.,  0.,  0.,  0.,  0.,         0.,  0.,  0.,  0.,  0.,  0.,  0.,  0.,  0.,  0.,  0.,  0.,  0.,         0.,  0.,  0.,  0.,  0.,  0.,  0.,  0.,  0.,  0.,  0.,  0.,  0.,         0.,  0.,  0.,  0.,  0.,  0.,  0.,  0.,  0.,  0.,  0.,  0.,  0.,         0.,  1.,  0.,  0.,  0.,  0.,  0.,  0.,  0.,  0.,  0.,  0.],       [ 0.,  0.,  0.,  0.,  0.,  0.,  0.,  0.,  0.,  0.,  0.,  0.,  0.,         0.,  0.,  0.,  0.,  0.,  0.,  0.,  0.,  0.,  0.,  0.,  0.,  0.,         0.,  0.,  0.,  0.,  0.,  0.,  0.,  0.,  0.,  0.,  0.,  0.,  0.,         0.,  0.,  0.,  0.,  0.,  0.,  0.,  0.,  0.,  0.,  0.,  0.,  0.,         0.,  0., -1.,  0.,  0.,  0.,  0.,  0.,  0.,  0.,  0.,  0.],       [ 0.,  0.,  0.,  0.,  0.,  0.,  0.,  0.,  0.,  0.,  0.,  0.,  0.,         0.,  0.,  0.,  0.,  0.,  0.,  0.,  0.,  0.,  0.,  0.,  0.,  0.,         0.,  0.,  0.,  0.,  0.,  0.,  0.,  0.,  0.,  0.,  0.,  0.,  0.,         0.,  0.,  0.,  0.,  0.,  0.,  0.,  0.,  0.,  0.,  0.,  0.,  0.,         0.,  0.,  0.,  1.,  0.,  0.,  0.,  0.,  0.,  0.,  0.,  0.],       [ 0.,  0.,  0.,  0.,  0.,  0.,  0.,  0.,  0.,  0.,  0.,  0.,  0.,         0.,  0.,  0.,  0.,  0.,  0.,  0.,  0.,  0.,  0.,  0.,  0.,  0.,         0.,  0.,  0.,  0.,  0.,  0.,  0.,  0.,  0.,  0.,  0.,  0.,  0.,         0.,  0.,  0.,  0.,  0.,  0.,  0.,  0.,  0.,  0.,  0.,  0.,  0.,         0.,  0.,  0.,  0.,  1.,  0.,  0.,  0.,  0.,  0.,  0.,  0.],       [ 0.,  0.,  0.,  0.,  0.,  0.,  0.,  0.,  0.,  0.,  0.,  0.,  0.,         0.,  0.,  0.,  0.,  0.,  0.,  0.,  0.,  0.,  0.,  0.,  0.,  0.,         0.,  0.,  0.,  0.,  0.,  0.,  0.,  0.,  0.,  0.,  0.,  0.,  0.,         0.,  0.,  0.,  0.,  0.,  0.,  0.,  0.,  0.,  0.,  0.,  0.,  0.,         0.,  0.,  0.,  0.,  0.,  1.,  0.,  0.,  0.,  0.,  0.,  0.],       [ 0.,  0.,  0.,  0.,  0.,  0.,  0.,  0.,  0.,  0.,  0.,  0.,  0.,         0.,  0.,  0.,  0.,  0.,  0.,  0.,  0.,  0.,  0.,  0.,  0.,  0.,         0.,  0.,  0.,  0.,  0.,  0.,  0.,  0.,  0.,  0.,  0.,  0.,  0.,         0.,  0.,  0.,  0.,  0.,  0.,  0.,  0.,  0.,  0.,  0.,  0.,  0.,         0.,  0.,  0.,  0.,  0.,  0.,  1.,  0.,  0.,  0.,  0.,  0.],       [ 0.,  0.,  0.,  0.,  0.,  0.,  0.,  0.,  0.,  0.,  0.,  0.,  0.,         0.,  0.,  0.,  0.,  0.,  0.,  0.,  0.,  0.,  0.,  0.,  0.,  0.,         0.,  0.,  0.,  0.,  0.,  0.,  0.,  0.,  0.,  0.,  0.,  0.,  0.,         0.,  0.,  0.,  0.,  0.,  0.,  0.,  0.,  0.,  0.,  0.,  0.,  0.,         0.,  0.,  0.,  0.,  0.,  0.,  0.,  1.,  0.,  0.,  0.,  0.],       [ 0.,  0.,  0.,  0.,  0.,  0.,  0.,  0.,  0.,  0.,  0.,  0.,  0.,         0.,  0.,  0.,  0.,  0.,  0.,  0.,  0.,  0.,  0.,  0.,  0.,  0.,         0.,  0.,  0.,  0.,  0.,  0.,  0.,  0.,  0.,  0.,  0.,  0.,  0.,         0.,  0.,  0.,  0.,  0.,  0.,  0.,  0.,  0.,  0.,  0.,  0.,  0.,         0.,  0.,  0.,  0.,  0.,  0.,  0.,  0.,  1.,  0.,  0.,  0.],       [ 0.,  0.,  0.,  0.,  0.,  0.,  0.,  0.,  0.,  0.,  0.,  0.,  0.,         0.,  0.,  0.,  0.,  0.,  0.,  0.,  0.,  0.,  0.,  0.,  0.,  0.,         0.,  0.,  0.,  0.,  0.,  0.,  0.,  0.,  0.,  0.,  0.,  0.,  0.,         0.,  0.,  0.,  0.,  0.,  0.,  0.,  0.,  0.,  0.,  0.,  0.,  0.,         0.,  0.,  0.,  0.,  0.,  0.,  0.,  0.,  0.,  1.,  0.,  0.],       [ 0.,  0.,  0.,  0.,  0.,  0.,  0.,  0.,  0.,  0.,  0.,  0.,  0.,         0.,  0.,  0.,  0.,  0.,  0.,  0.,  0.,  0.,  0.,  0.,  0.,  0.,         0.,  0.,  0.,  0.,  0.,  0.,  0.,  0.,  0.,  0.,  0.,  0.,  0.,         0.,  0.,  0.,  0.,  0.,  0.,  0.,  0.,  0.,  0.,  0.,  0.,  0.,         0.,  0.,  0.,  0.,  0.,  0.,  0.,  0.,  0.,  0.,  1.,  0.],       [ 0.,  0.,  0.,  0.,  0.,  0.,  0.,  0.,  0.,  0.,  0.,  0.,  0.,         0.,  0.,  0.,  0.,  0.,  0.,  0.,  0.,  0.,  0.,  0.,  0.,  0.,         0.,  0.,  0.,  0.,  0.,  0.,  0.,  0.,  0.,  0.,  0.,  0.,  0.,         0.,  0.,  0.,  0.,  0.,  0.,  0.,  0.,  0.,  0.,  0.,  0.,  0.,         0.,  0.,  0.,  0.,  0.,  0.,  0.,  0.,  0.,  0.,  0.,  1.]]),'6Qoracle')
1;inversion6q;Baza(np.array([[-0.96875,  0.03125,  0.03125,  0.03125,  0.03125,  0.03125,         0.03125,  0.03125,  0.03125,  0.03125,  0.03125,  0.03125,         0.03125,  0.03125,  0.03125,  0.03125,  0.03125,  0.03125,         0.03125,  0.03125,  0.03125,  0.03125,  0.03125,  0.03125,         0.03125,  0.03125,  0.03125,  0.03125,  0.03125,  0.03125,         0.03125,  0.03125,  0.03125,  0.03125,  0.03125,  0.03125,         0.03125,  0.03125,  0.03125,  0.03125,  0.03125,  0.03125,         0.03125,  0.03125,  0.03125,  0.03125,  0.03125,  0.03125,         0.03125,  0.03125,  0.03125,  0.03125,  0.03125,  0.03125,         0.03125,  0.03125,  0.03125,  0.03125,  0.03125,  0.03125,         0.03125,  0.03125,  0.03125,  0.03125],       [ 0.03125, -0.96875,  0.03125,  0.03125,  0.03125,  0.03125,         0.03125,  0.03125,  0.03125,  0.03125,  0.03125,  0.03125,         0.03125,  0.03125,  0.03125,  0.03125,  0.03125,  0.03125,         0.03125,  0.03125,  0.03125,  0.03125,  0.03125,  0.03125,         0.03125,  0.03125,  0.03125,  0.03125,  0.03125,  0.03125,         0.03125,  0.03125,  0.03125,  0.03125,  0.03125,  0.03125,         0.03125,  0.03125,  0.03125,  0.03125,  0.03125,  0.03125,         0.03125,  0.03125,  0.03125,  0.03125,  0.03125,  0.03125,         0.03125,  0.03125,  0.03125,  0.03125,  0.03125,  0.03125,         0.03125,  0.03125,  0.03125,  0.03125,  0.03125,  0.03125,         0.03125,  0.03125,  0.03125,  0.03125],       [ 0.03125,  0.03125, -0.96875,  0.03125,  0.03125,  0.03125,         0.03125,  0.03125,  0.03125,  0.03125,  0.03125,  0.03125,         0.03125,  0.03125,  0.03125,  0.03125,  0.03125,  0.03125,         0.03125,  0.03125,  0.03125,  0.03125,  0.03125,  0.03125,         0.03125,  0.03125,  0.03125,  0.03125,  0.03125,  0.03125,         0.03125,  0.03125,  0.03125,  0.03125,  0.03125,  0.03125,         0.03125,  0.03125,  0.03125,  0.03125,  0.03125,  0.03125,         0.03125,  0.03125,  0.03125,  0.03125,  0.03125,  0.03125,         0.03125,  0.03125,  0.03125,  0.03125,  0.03125,  0.03125,         0.03125,  0.03125,  0.03125,  0.03125,  0.03125,  0.03125,         0.03125,  0.03125,  0.03125,  0.03125],       [ 0.03125,  0.03125,  0.03125, -0.96875,  0.03125,  0.03125,         0.03125,  0.03125,  0.03125,  0.03125,  0.03125,  0.03125,         0.03125,  0.03125,  0.03125,  0.03125,  0.03125,  0.03125,         0.03125,  0.03125,  0.03125,  0.03125,  0.03125,  0.03125,         0.03125,  0.03125,  0.03125,  0.03125,  0.03125,  0.03125,         0.03125,  0.03125,  0.03125,  0.03125,  0.03125,  0.03125,         0.03125,  0.03125,  0.03125,  0.03125,  0.03125,  0.03125,         0.03125,  0.03125,  0.03125,  0.03125,  0.03125,  0.03125,         0.03125,  0.03125,  0.03125,  0.03125,  0.03125,  0.03125,         0.03125,  0.03125,  0.03125,  0.03125,  0.03125,  0.03125,         0.03125,  0.03125,  0.03125,  0.03125],       [ 0.03125,  0.03125,  0.03125,  0.03125, -0.96875,  0.03125,         0.03125,  0.03125,  0.03125,  0.03125,  0.03125,  0.03125,         0.03125,  0.03125,  0.03125,  0.03125,  0.03125,  0.03125,         0.03125,  0.03125,  0.03125,  0.03125,  0.03125,  0.03125,         0.03125,  0.03125,  0.03125,  0.03125,  0.03125,  0.03125,         0.03125,  0.03125,  0.03125,  0.03125,  0.03125,  0.03125,         0.03125,  0.03125,  0.03125,  0.03125,  0.03125,  0.03125,         0.03125,  0.03125,  0.03125,  0.03125,  0.03125,  0.03125,         0.03125,  0.03125,  0.03125,  0.03125,  0.03125,  0.03125,         0.03125,  0.03125,  0.03125,  0.03125,  0.03125,  0.03125,         0.03125,  0.03125,  0.03125,  0.03125],       [ 0.03125,  0.03125,  0.03125,  0.03125,  0.03125, -0.96875,         0.03125,  0.03125,  0.03125,  0.03125,  0.03125,  0.03125,         0.03125,  0.03125,  0.03125,  0.03125,  0.03125,  0.03125,         0.03125,  0.03125,  0.03125,  0.03125,  0.03125,  0.03125,         0.03125,  0.03125,  0.03125,  0.03125,  0.03125,  0.03125,         0.03125,  0.03125,  0.03125,  0.03125,  0.03125,  0.03125,         0.03125,  0.03125,  0.03125,  0.03125,  0.03125,  0.03125,         0.03125,  0.03125,  0.03125,  0.03125,  0.03125,  0.03125,         0.03125,  0.03125,  0.03125,  0.03125,  0.03125,  0.03125,         0.03125,  0.03125,  0.03125,  0.03125,  0.03125,  0.03125,         0.03125,  0.03125,  0.03125,  0.03125],       [ 0.03125,  0.03125,  0.03125,  0.03125,  0.03125,  0.03125,        -0.96875,  0.03125,  0.03125,  0.03125,  0.03125,  0.03125,         0.03125,  0.03125,  0.03125,  0.03125,  0.03125,  0.03125,         0.03125,  0.03125,  0.03125,  0.03125,  0.03125,  0.03125,         0.03125,  0.03125,  0.03125,  0.03125,  0.03125,  0.03125,         0.03125,  0.03125,  0.03125,  0.03125,  0.03125,  0.03125,         0.03125,  0.03125,  0.03125,  0.03125,  0.03125,  0.03125,         0.03125,  0.03125,  0.03125,  0.03125,  0.03125,  0.03125,         0.03125,  0.03125,  0.03125,  0.03125,  0.03125,  0.03125,         0.03125,  0.03125,  0.03125,  0.03125,  0.03125,  0.03125,         0.03125,  0.03125,  0.03125,  0.03125],       [ 0.03125,  0.03125,  0.03125,  0.03125,  0.03125,  0.03125,         0.03125, -0.96875,  0.03125,  0.03125,  0.03125,  0.03125,         0.03125,  0.03125,  0.03125,  0.03125,  0.03125,  0.03125,         0.03125,  0.03125,  0.03125,  0.03125,  0.03125,  0.03125,         0.03125,  0.03125,  0.03125,  0.03125,  0.03125,  0.03125,         0.03125,  0.03125,  0.03125,  0.03125,  0.03125,  0.03125,         0.03125,  0.03125,  0.03125,  0.03125,  0.03125,  0.03125,         0.03125,  0.03125,  0.03125,  0.03125,  0.03125,  0.03125,         0.03125,  0.03125,  0.03125,  0.03125,  0.03125,  0.03125,         0.03125,  0.03125,  0.03125,  0.03125,  0.03125,  0.03125,         0.03125,  0.03125,  0.03125,  0.03125],       [ 0.03125,  0.03125,  0.03125,  0.03125,  0.03125,  0.03125,         0.03125,  0.03125, -0.96875,  0.03125,  0.03125,  0.03125,         0.03125,  0.03125,  0.03125,  0.03125,  0.03125,  0.03125,         0.03125,  0.03125,  0.03125,  0.03125,  0.03125,  0.03125,         0.03125,  0.03125,  0.03125,  0.03125,  0.03125,  0.03125,         0.03125,  0.03125,  0.03125,  0.03125,  0.03125,  0.03125,         0.03125,  0.03125,  0.03125,  0.03125,  0.03125,  0.03125,         0.03125,  0.03125,  0.03125,  0.03125,  0.03125,  0.03125,         0.03125,  0.03125,  0.03125,  0.03125,  0.03125,  0.03125,         0.03125,  0.03125,  0.03125,  0.03125,  0.03125,  0.03125,         0.03125,  0.03125,  0.03125,  0.03125],       [ 0.03125,  0.03125,  0.03125,  0.03125,  0.03125,  0.03125,         0.03125,  0.03125,  0.03125, -0.96875,  0.03125,  0.03125,         0.03125,  0.03125,  0.03125,  0.03125,  0.03125,  0.03125,         0.03125,  0.03125,  0.03125,  0.03125,  0.03125,  0.03125,         0.03125,  0.03125,  0.03125,  0.03125,  0.03125,  0.03125,         0.03125,  0.03125,  0.03125,  0.03125,  0.03125,  0.03125,         0.03125,  0.03125,  0.03125,  0.03125,  0.03125,  0.03125,         0.03125,  0.03125,  0.03125,  0.03125,  0.03125,  0.03125,         0.03125,  0.03125,  0.03125,  0.03125,  0.03125,  0.03125,         0.03125,  0.03125,  0.03125,  0.03125,  0.03125,  0.03125,         0.03125,  0.03125,  0.03125,  0.03125],       [ 0.03125,  0.03125,  0.03125,  0.03125,  0.03125,  0.03125,         0.03125,  0.03125,  0.03125,  0.03125, -0.96875,  0.03125,         0.03125,  0.03125,  0.03125,  0.03125,  0.03125,  0.03125,         0.03125,  0.03125,  0.03125,  0.03125,  0.03125,  0.03125,         0.03125,  0.03125,  0.03125,  0.03125,  0.03125,  0.03125,         0.03125,  0.03125,  0.03125,  0.03125,  0.03125,  0.03125,         0.03125,  0.03125,  0.03125,  0.03125,  0.03125,  0.03125,         0.03125,  0.03125,  0.03125,  0.03125,  0.03125,  0.03125,         0.03125,  0.03125,  0.03125,  0.03125,  0.03125,  0.03125,         0.03125,  0.03125,  0.03125,  0.03125,  0.03125,  0.03125,         0.03125,  0.03125,  0.03125,  0.03125],       [ 0.03125,  0.03125,  0.03125,  0.03125,  0.03125,  0.03125,         0.03125,  0.03125,  0.03125,  0.03125,  0.03125, -0.96875,         0.03125,  0.03125,  0.03125,  0.03125,  0.03125,  0.03125,         0.03125,  0.03125,  0.03125,  0.03125,  0.03125,  0.03125,         0.03125,  0.03125,  0.03125,  0.03125,  0.03125,  0.03125,         0.03125,  0.03125,  0.03125,  0.03125,  0.03125,  0.03125,         0.03125,  0.03125,  0.03125,  0.03125,  0.03125,  0.03125,         0.03125,  0.03125,  0.03125,  0.03125,  0.03125,  0.03125,         0.03125,  0.03125,  0.03125,  0.03125,  0.03125,  0.03125,         0.03125,  0.03125,  0.03125,  0.03125,  0.03125,  0.03125,         0.03125,  0.03125,  0.03125,  0.03125],       [ 0.03125,  0.03125,  0.03125,  0.03125,  0.03125,  0.03125,         0.03125,  0.03125,  0.03125,  0.03125,  0.03125,  0.03125,        -0.96875,  0.03125,  0.03125,  0.03125,  0.03125,  0.03125,         0.03125,  0.03125,  0.03125,  0.03125,  0.03125,  0.03125,         0.03125,  0.03125,  0.03125,  0.03125,  0.03125,  0.03125,         0.03125,  0.03125,  0.03125,  0.03125,  0.03125,  0.03125,         0.03125,  0.03125,  0.03125,  0.03125,  0.03125,  0.03125,         0.03125,  0.03125,  0.03125,  0.03125,  0.03125,  0.03125,         0.03125,  0.03125,  0.03125,  0.03125,  0.03125,  0.03125,         0.03125,  0.03125,  0.03125,  0.03125,  0.03125,  0.03125,         0.03125,  0.03125,  0.03125,  0.03125],       [ 0.03125,  0.03125,  0.03125,  0.03125,  0.03125,  0.03125,         0.03125,  0.03125,  0.03125,  0.03125,  0.03125,  0.03125,         0.03125, -0.96875,  0.03125,  0.03125,  0.03125,  0.03125,         0.03125,  0.03125,  0.03125,  0.03125,  0.03125,  0.03125,         0.03125,  0.03125,  0.03125,  0.03125,  0.03125,  0.03125,         0.03125,  0.03125,  0.03125,  0.03125,  0.03125,  0.03125,         0.03125,  0.03125,  0.03125,  0.03125,  0.03125,  0.03125,         0.03125,  0.03125,  0.03125,  0.03125,  0.03125,  0.03125,         0.03125,  0.03125,  0.03125,  0.03125,  0.03125,  0.03125,         0.03125,  0.03125,  0.03125,  0.03125,  0.03125,  0.03125,         0.03125,  0.03125,  0.03125,  0.03125],       [ 0.03125,  0.03125,  0.03125,  0.03125,  0.03125,  0.03125,         0.03125,  0.03125,  0.03125,  0.03125,  0.03125,  0.03125,         0.03125,  0.03125, -0.96875,  0.03125,  0.03125,  0.03125,         0.03125,  0.03125,  0.03125,  0.03125,  0.03125,  0.03125,         0.03125,  0.03125,  0.03125,  0.03125,  0.03125,  0.03125,         0.03125,  0.03125,  0.03125,  0.03125,  0.03125,  0.03125,         0.03125,  0.03125,  0.03125,  0.03125,  0.03125,  0.03125,         0.03125,  0.03125,  0.03125,  0.03125,  0.03125,  0.03125,         0.03125,  0.03125,  0.03125,  0.03125,  0.03125,  0.03125,         0.03125,  0.03125,  0.03125,  0.03125,  0.03125,  0.03125,         0.03125,  0.03125,  0.03125,  0.03125],       [ 0.03125,  0.03125,  0.03125,  0.03125,  0.03125,  0.03125,         0.03125,  0.03125,  0.03125,  0.03125,  0.03125,  0.03125,         0.03125,  0.03125,  0.03125, -0.96875,  0.03125,  0.03125,         0.03125,  0.03125,  0.03125,  0.03125,  0.03125,  0.03125,         0.03125,  0.03125,  0.03125,  0.03125,  0.03125,  0.03125,         0.03125,  0.03125,  0.03125,  0.03125,  0.03125,  0.03125,         0.03125,  0.03125,  0.03125,  0.03125,  0.03125,  0.03125,         0.03125,  0.03125,  0.03125,  0.03125,  0.03125,  0.03125,         0.03125,  0.03125,  0.03125,  0.03125,  0.03125,  0.03125,         0.03125,  0.03125,  0.03125,  0.03125,  0.03125,  0.03125,         0.03125,  0.03125,  0.03125,  0.03125],       [ 0.03125,  0.03125,  0.03125,  0.03125,  0.03125,  0.03125,         0.03125,  0.03125,  0.03125,  0.03125,  0.03125,  0.03125,         0.03125,  0.03125,  0.03125,  0.03125, -0.96875,  0.03125,         0.03125,  0.03125,  0.03125,  0.03125,  0.03125,  0.03125,         0.03125,  0.03125,  0.03125,  0.03125,  0.03125,  0.03125,         0.03125,  0.03125,  0.03125,  0.03125,  0.03125,  0.03125,         0.03125,  0.03125,  0.03125,  0.03125,  0.03125,  0.03125,         0.03125,  0.03125,  0.03125,  0.03125,  0.03125,  0.03125,         0.03125,  0.03125,  0.03125,  0.03125,  0.03125,  0.03125,         0.03125,  0.03125,  0.03125,  0.03125,  0.03125,  0.03125,         0.03125,  0.03125,  0.03125,  0.03125],       [ 0.03125,  0.03125,  0.03125,  0.03125,  0.03125,  0.03125,         0.03125,  0.03125,  0.03125,  0.03125,  0.03125,  0.03125,         0.03125,  0.03125,  0.03125,  0.03125,  0.03125, -0.96875,         0.03125,  0.03125,  0.03125,  0.03125,  0.03125,  0.03125,         0.03125,  0.03125,  0.03125,  0.03125,  0.03125,  0.03125,         0.03125,  0.03125,  0.03125,  0.03125,  0.03125,  0.03125,         0.03125,  0.03125,  0.03125,  0.03125,  0.03125,  0.03125,         0.03125,  0.03125,  0.03125,  0.03125,  0.03125,  0.03125,         0.03125,  0.03125,  0.03125,  0.03125,  0.03125,  0.03125,         0.03125,  0.03125,  0.03125,  0.03125,  0.03125,  0.03125,         0.03125,  0.03125,  0.03125,  0.03125],       [ 0.03125,  0.03125,  0.03125,  0.03125,  0.03125,  0.03125,         0.03125,  0.03125,  0.03125,  0.03125,  0.03125,  0.03125,         0.03125,  0.03125,  0.03125,  0.03125,  0.03125,  0.03125,        -0.96875,  0.03125,  0.03125,  0.03125,  0.03125,  0.03125,         0.03125,  0.03125,  0.03125,  0.03125,  0.03125,  0.03125,         0.03125,  0.03125,  0.03125,  0.03125,  0.03125,  0.03125,         0.03125,  0.03125,  0.03125,  0.03125,  0.03125,  0.03125,         0.03125,  0.03125,  0.03125,  0.03125,  0.03125,  0.03125,         0.03125,  0.03125,  0.03125,  0.03125,  0.03125,  0.03125,         0.03125,  0.03125,  0.03125,  0.03125,  0.03125,  0.03125,         0.03125,  0.03125,  0.03125,  0.03125],       [ 0.03125,  0.03125,  0.03125,  0.03125,  0.03125,  0.03125,         0.03125,  0.03125,  0.03125,  0.03125,  0.03125,  0.03125,         0.03125,  0.03125,  0.03125,  0.03125,  0.03125,  0.03125,         0.03125, -0.96875,  0.03125,  0.03125,  0.03125,  0.03125,         0.03125,  0.03125,  0.03125,  0.03125,  0.03125,  0.03125,         0.03125,  0.03125,  0.03125,  0.03125,  0.03125,  0.03125,         0.03125,  0.03125,  0.03125,  0.03125,  0.03125,  0.03125,         0.03125,  0.03125,  0.03125,  0.03125,  0.03125,  0.03125,         0.03125,  0.03125,  0.03125,  0.03125,  0.03125,  0.03125,         0.03125,  0.03125,  0.03125,  0.03125,  0.03125,  0.03125,         0.03125,  0.03125,  0.03125,  0.03125],       [ 0.03125,  0.03125,  0.03125,  0.03125,  0.03125,  0.03125,         0.03125,  0.03125,  0.03125,  0.03125,  0.03125,  0.03125,         0.03125,  0.03125,  0.03125,  0.03125,  0.03125,  0.03125,         0.03125,  0.03125, -0.96875,  0.03125,  0.03125,  0.03125,         0.03125,  0.03125,  0.03125,  0.03125,  0.03125,  0.03125,         0.03125,  0.03125,  0.03125,  0.03125,  0.03125,  0.03125,         0.03125,  0.03125,  0.03125,  0.03125,  0.03125,  0.03125,         0.03125,  0.03125,  0.03125,  0.03125,  0.03125,  0.03125,         0.03125,  0.03125,  0.03125,  0.03125,  0.03125,  0.03125,         0.03125,  0.03125,  0.03125,  0.03125,  0.03125,  0.03125,         0.03125,  0.03125,  0.03125,  0.03125],       [ 0.03125,  0.03125,  0.03125,  0.03125,  0.03125,  0.03125,         0.03125,  0.03125,  0.03125,  0.03125,  0.03125,  0.03125,         0.03125,  0.03125,  0.03125,  0.03125,  0.03125,  0.03125,         0.03125,  0.03125,  0.03125, -0.96875,  0.03125,  0.03125,         0.03125,  0.03125,  0.03125,  0.03125,  0.03125,  0.03125,         0.03125,  0.03125,  0.03125,  0.03125,  0.03125,  0.03125,         0.03125,  0.03125,  0.03125,  0.03125,  0.03125,  0.03125,         0.03125,  0.03125,  0.03125,  0.03125,  0.03125,  0.03125,         0.03125,  0.03125,  0.03125,  0.03125,  0.03125,  0.03125,         0.03125,  0.03125,  0.03125,  0.03125,  0.03125,  0.03125,         0.03125,  0.03125,  0.03125,  0.03125],       [ 0.03125,  0.03125,  0.03125,  0.03125,  0.03125,  0.03125,         0.03125,  0.03125,  0.03125,  0.03125,  0.03125,  0.03125,         0.03125,  0.03125,  0.03125,  0.03125,  0.03125,  0.03125,         0.03125,  0.03125,  0.03125,  0.03125, -0.96875,  0.03125,         0.03125,  0.03125,  0.03125,  0.03125,  0.03125,  0.03125,         0.03125,  0.03125,  0.03125,  0.03125,  0.03125,  0.03125,         0.03125,  0.03125,  0.03125,  0.03125,  0.03125,  0.03125,         0.03125,  0.03125,  0.03125,  0.03125,  0.03125,  0.03125,         0.03125,  0.03125,  0.03125,  0.03125,  0.03125,  0.03125,         0.03125,  0.03125,  0.03125,  0.03125,  0.03125,  0.03125,         0.03125,  0.03125,  0.03125,  0.03125],       [ 0.03125,  0.03125,  0.03125,  0.03125,  0.03125,  0.03125,         0.03125,  0.03125,  0.03125,  0.03125,  0.03125,  0.03125,         0.03125,  0.03125,  0.03125,  0.03125,  0.03125,  0.03125,         0.03125,  0.03125,  0.03125,  0.03125,  0.03125, -0.96875,         0.03125,  0.03125,  0.03125,  0.03125,  0.03125,  0.03125,         0.03125,  0.03125,  0.03125,  0.03125,  0.03125,  0.03125,         0.03125,  0.03125,  0.03125,  0.03125,  0.03125,  0.03125,         0.03125,  0.03125,  0.03125,  0.03125,  0.03125,  0.03125,         0.03125,  0.03125,  0.03125,  0.03125,  0.03125,  0.03125,         0.03125,  0.03125,  0.03125,  0.03125,  0.03125,  0.03125,         0.03125,  0.03125,  0.03125,  0.03125],       [ 0.03125,  0.03125,  0.03125,  0.03125,  0.03125,  0.03125,         0.03125,  0.03125,  0.03125,  0.03125,  0.03125,  0.03125,         0.03125,  0.03125,  0.03125,  0.03125,  0.03125,  0.03125,         0.03125,  0.03125,  0.03125,  0.03125,  0.03125,  0.03125,        -0.96875,  0.03125,  0.03125,  0.03125,  0.03125,  0.03125,         0.03125,  0.03125,  0.03125,  0.03125,  0.03125,  0.03125,         0.03125,  0.03125,  0.03125,  0.03125,  0.03125,  0.03125,         0.03125,  0.03125,  0.03125,  0.03125,  0.03125,  0.03125,         0.03125,  0.03125,  0.03125,  0.03125,  0.03125,  0.03125,         0.03125,  0.03125,  0.03125,  0.03125,  0.03125,  0.03125,         0.03125,  0.03125,  0.03125,  0.03125],       [ 0.03125,  0.03125,  0.03125,  0.03125,  0.03125,  0.03125,         0.03125,  0.03125,  0.03125,  0.03125,  0.03125,  0.03125,         0.03125,  0.03125,  0.03125,  0.03125,  0.03125,  0.03125,         0.03125,  0.03125,  0.03125,  0.03125,  0.03125,  0.03125,         0.03125, -0.96875,  0.03125,  0.03125,  0.03125,  0.03125,         0.03125,  0.03125,  0.03125,  0.03125,  0.03125,  0.03125,         0.03125,  0.03125,  0.03125,  0.03125,  0.03125,  0.03125,         0.03125,  0.03125,  0.03125,  0.03125,  0.03125,  0.03125,         0.03125,  0.03125,  0.03125,  0.03125,  0.03125,  0.03125,         0.03125,  0.03125,  0.03125,  0.03125,  0.03125,  0.03125,         0.03125,  0.03125,  0.03125,  0.03125],       [ 0.03125,  0.03125,  0.03125,  0.03125,  0.03125,  0.03125,         0.03125,  0.03125,  0.03125,  0.03125,  0.03125,  0.03125,         0.03125,  0.03125,  0.03125,  0.03125,  0.03125,  0.03125,         0.03125,  0.03125,  0.03125,  0.03125,  0.03125,  0.03125,         0.03125,  0.03125, -0.96875,  0.03125,  0.03125,  0.03125,         0.03125,  0.03125,  0.03125,  0.03125,  0.03125,  0.03125,         0.03125,  0.03125,  0.03125,  0.03125,  0.03125,  0.03125,         0.03125,  0.03125,  0.03125,  0.03125,  0.03125,  0.03125,         0.03125,  0.03125,  0.03125,  0.03125,  0.03125,  0.03125,         0.03125,  0.03125,  0.03125,  0.03125,  0.03125,  0.03125,         0.03125,  0.03125,  0.03125,  0.03125],       [ 0.03125,  0.03125,  0.03125,  0.03125,  0.03125,  0.03125,         0.03125,  0.03125,  0.03125,  0.03125,  0.03125,  0.03125,         0.03125,  0.03125,  0.03125,  0.03125,  0.03125,  0.03125,         0.03125,  0.03125,  0.03125,  0.03125,  0.03125,  0.03125,         0.03125,  0.03125,  0.03125, -0.96875,  0.03125,  0.03125,         0.03125,  0.03125,  0.03125,  0.03125,  0.03125,  0.03125,         0.03125,  0.03125,  0.03125,  0.03125,  0.03125,  0.03125,         0.03125,  0.03125,  0.03125,  0.03125,  0.03125,  0.03125,         0.03125,  0.03125,  0.03125,  0.03125,  0.03125,  0.03125,         0.03125,  0.03125,  0.03125,  0.03125,  0.03125,  0.03125,         0.03125,  0.03125,  0.03125,  0.03125],       [ 0.03125,  0.03125,  0.03125,  0.03125,  0.03125,  0.03125,         0.03125,  0.03125,  0.03125,  0.03125,  0.03125,  0.03125,         0.03125,  0.03125,  0.03125,  0.03125,  0.03125,  0.03125,         0.03125,  0.03125,  0.03125,  0.03125,  0.03125,  0.03125,         0.03125,  0.03125,  0.03125,  0.03125, -0.96875,  0.03125,         0.03125,  0.03125,  0.03125,  0.03125,  0.03125,  0.03125,         0.03125,  0.03125,  0.03125,  0.03125,  0.03125,  0.03125,         0.03125,  0.03125,  0.03125,  0.03125,  0.03125,  0.03125,         0.03125,  0.03125,  0.03125,  0.03125,  0.03125,  0.03125,         0.03125,  0.03125,  0.03125,  0.03125,  0.03125,  0.03125,         0.03125,  0.03125,  0.03125,  0.03125],       [ 0.03125,  0.03125,  0.03125,  0.03125,  0.03125,  0.03125,         0.03125,  0.03125,  0.03125,  0.03125,  0.03125,  0.03125,         0.03125,  0.03125,  0.03125,  0.03125,  0.03125,  0.03125,         0.03125,  0.03125,  0.03125,  0.03125,  0.03125,  0.03125,         0.03125,  0.03125,  0.03125,  0.03125,  0.03125, -0.96875,         0.03125,  0.03125,  0.03125,  0.03125,  0.03125,  0.03125,         0.03125,  0.03125,  0.03125,  0.03125,  0.03125,  0.03125,         0.03125,  0.03125,  0.03125,  0.03125,  0.03125,  0.03125,         0.03125,  0.03125,  0.03125,  0.03125,  0.03125,  0.03125,         0.03125,  0.03125,  0.03125,  0.03125,  0.03125,  0.03125,         0.03125,  0.03125,  0.03125,  0.03125],       [ 0.03125,  0.03125,  0.03125,  0.03125,  0.03125,  0.03125,         0.03125,  0.03125,  0.03125,  0.03125,  0.03125,  0.03125,         0.03125,  0.03125,  0.03125,  0.03125,  0.03125,  0.03125,         0.03125,  0.03125,  0.03125,  0.03125,  0.03125,  0.03125,         0.03125,  0.03125,  0.03125,  0.03125,  0.03125,  0.03125,        -0.96875,  0.03125,  0.03125,  0.03125,  0.03125,  0.03125,         0.03125,  0.03125,  0.03125,  0.03125,  0.03125,  0.03125,         0.03125,  0.03125,  0.03125,  0.03125,  0.03125,  0.03125,         0.03125,  0.03125,  0.03125,  0.03125,  0.03125,  0.03125,         0.03125,  0.03125,  0.03125,  0.03125,  0.03125,  0.03125,         0.03125,  0.03125,  0.03125,  0.03125],       [ 0.03125,  0.03125,  0.03125,  0.03125,  0.03125,  0.03125,         0.03125,  0.03125,  0.03125,  0.03125,  0.03125,  0.03125,         0.03125,  0.03125,  0.03125,  0.03125,  0.03125,  0.03125,         0.03125,  0.03125,  0.03125,  0.03125,  0.03125,  0.03125,         0.03125,  0.03125,  0.03125,  0.03125,  0.03125,  0.03125,         0.03125, -0.96875,  0.03125,  0.03125,  0.03125,  0.03125,         0.03125,  0.03125,  0.03125,  0.03125,  0.03125,  0.03125,         0.03125,  0.03125,  0.03125,  0.03125,  0.03125,  0.03125,         0.03125,  0.03125,  0.03125,  0.03125,  0.03125,  0.03125,         0.03125,  0.03125,  0.03125,  0.03125,  0.03125,  0.03125,         0.03125,  0.03125,  0.03125,  0.03125],       [ 0.03125,  0.03125,  0.03125,  0.03125,  0.03125,  0.03125,         0.03125,  0.03125,  0.03125,  0.03125,  0.03125,  0.03125,         0.03125,  0.03125,  0.03125,  0.03125,  0.03125,  0.03125,         0.03125,  0.03125,  0.03125,  0.03125,  0.03125,  0.03125,         0.03125,  0.03125,  0.03125,  0.03125,  0.03125,  0.03125,         0.03125,  0.03125, -0.96875,  0.03125,  0.03125,  0.03125,         0.03125,  0.03125,  0.03125,  0.03125,  0.03125,  0.03125,         0.03125,  0.03125,  0.03125,  0.03125,  0.03125,  0.03125,         0.03125,  0.03125,  0.03125,  0.03125,  0.03125,  0.03125,         0.03125,  0.03125,  0.03125,  0.03125,  0.03125,  0.03125,         0.03125,  0.03125,  0.03125,  0.03125],       [ 0.03125,  0.03125,  0.03125,  0.03125,  0.03125,  0.03125,         0.03125,  0.03125,  0.03125,  0.03125,  0.03125,  0.03125,         0.03125,  0.03125,  0.03125,  0.03125,  0.03125,  0.03125,         0.03125,  0.03125,  0.03125,  0.03125,  0.03125,  0.03125,         0.03125,  0.03125,  0.03125,  0.03125,  0.03125,  0.03125,         0.03125,  0.03125,  0.03125, -0.96875,  0.03125,  0.03125,         0.03125,  0.03125,  0.03125,  0.03125,  0.03125,  0.03125,         0.03125,  0.03125,  0.03125,  0.03125,  0.03125,  0.03125,         0.03125,  0.03125,  0.03125,  0.03125,  0.03125,  0.03125,         0.03125,  0.03125,  0.03125,  0.03125,  0.03125,  0.03125,         0.03125,  0.03125,  0.03125,  0.03125],       [ 0.03125,  0.03125,  0.03125,  0.03125,  0.03125,  0.03125,         0.03125,  0.03125,  0.03125,  0.03125,  0.03125,  0.03125,         0.03125,  0.03125,  0.03125,  0.03125,  0.03125,  0.03125,         0.03125,  0.03125,  0.03125,  0.03125,  0.03125,  0.03125,         0.03125,  0.03125,  0.03125,  0.03125,  0.03125,  0.03125,         0.03125,  0.03125,  0.03125,  0.03125, -0.96875,  0.03125,         0.03125,  0.03125,  0.03125,  0.03125,  0.03125,  0.03125,         0.03125,  0.03125,  0.03125,  0.03125,  0.03125,  0.03125,         0.03125,  0.03125,  0.03125,  0.03125,  0.03125,  0.03125,         0.03125,  0.03125,  0.03125,  0.03125,  0.03125,  0.03125,         0.03125,  0.03125,  0.03125,  0.03125],       [ 0.03125,  0.03125,  0.03125,  0.03125,  0.03125,  0.03125,         0.03125,  0.03125,  0.03125,  0.03125,  0.03125,  0.03125,         0.03125,  0.03125,  0.03125,  0.03125,  0.03125,  0.03125,         0.03125,  0.03125,  0.03125,  0.03125,  0.03125,  0.03125,         0.03125,  0.03125,  0.03125,  0.03125,  0.03125,  0.03125,         0.03125,  0.03125,  0.03125,  0.03125,  0.03125, -0.96875,         0.03125,  0.03125,  0.03125,  0.03125,  0.03125,  0.03125,         0.03125,  0.03125,  0.03125,  0.03125,  0.03125,  0.03125,         0.03125,  0.03125,  0.03125,  0.03125,  0.03125,  0.03125,         0.03125,  0.03125,  0.03125,  0.03125,  0.03125,  0.03125,         0.03125,  0.03125,  0.03125,  0.03125],       [ 0.03125,  0.03125,  0.03125,  0.03125,  0.03125,  0.03125,         0.03125,  0.03125,  0.03125,  0.03125,  0.03125,  0.03125,         0.03125,  0.03125,  0.03125,  0.03125,  0.03125,  0.03125,         0.03125,  0.03125,  0.03125,  0.03125,  0.03125,  0.03125,         0.03125,  0.03125,  0.03125,  0.03125,  0.03125,  0.03125,         0.03125,  0.03125,  0.03125,  0.03125,  0.03125,  0.03125,        -0.96875,  0.03125,  0.03125,  0.03125,  0.03125,  0.03125,         0.03125,  0.03125,  0.03125,  0.03125,  0.03125,  0.03125,         0.03125,  0.03125,  0.03125,  0.03125,  0.03125,  0.03125,         0.03125,  0.03125,  0.03125,  0.03125,  0.03125,  0.03125,         0.03125,  0.03125,  0.03125,  0.03125],       [ 0.03125,  0.03125,  0.03125,  0.03125,  0.03125,  0.03125,         0.03125,  0.03125,  0.03125,  0.03125,  0.03125,  0.03125,         0.03125,  0.03125,  0.03125,  0.03125,  0.03125,  0.03125,         0.03125,  0.03125,  0.03125,  0.03125,  0.03125,  0.03125,         0.03125,  0.03125,  0.03125,  0.03125,  0.03125,  0.03125,         0.03125,  0.03125,  0.03125,  0.03125,  0.03125,  0.03125,         0.03125, -0.96875,  0.03125,  0.03125,  0.03125,  0.03125,         0.03125,  0.03125,  0.03125,  0.03125,  0.03125,  0.03125,         0.03125,  0.03125,  0.03125,  0.03125,  0.03125,  0.03125,         0.03125,  0.03125,  0.03125,  0.03125,  0.03125,  0.03125,         0.03125,  0.03125,  0.03125,  0.03125],       [ 0.03125,  0.03125,  0.03125,  0.03125,  0.03125,  0.03125,         0.03125,  0.03125,  0.03125,  0.03125,  0.03125,  0.03125,         0.03125,  0.03125,  0.03125,  0.03125,  0.03125,  0.03125,         0.03125,  0.03125,  0.03125,  0.03125,  0.03125,  0.03125,         0.03125,  0.03125,  0.03125,  0.03125,  0.03125,  0.03125,         0.03125,  0.03125,  0.03125,  0.03125,  0.03125,  0.03125,         0.03125,  0.03125, -0.96875,  0.03125,  0.03125,  0.03125,         0.03125,  0.03125,  0.03125,  0.03125,  0.03125,  0.03125,         0.03125,  0.03125,  0.03125,  0.03125,  0.03125,  0.03125,         0.03125,  0.03125,  0.03125,  0.03125,  0.03125,  0.03125,         0.03125,  0.03125,  0.03125,  0.03125],       [ 0.03125,  0.03125,  0.03125,  0.03125,  0.03125,  0.03125,         0.03125,  0.03125,  0.03125,  0.03125,  0.03125,  0.03125,         0.03125,  0.03125,  0.03125,  0.03125,  0.03125,  0.03125,         0.03125,  0.03125,  0.03125,  0.03125,  0.03125,  0.03125,         0.03125,  0.03125,  0.03125,  0.03125,  0.03125,  0.03125,         0.03125,  0.03125,  0.03125,  0.03125,  0.03125,  0.03125,         0.03125,  0.03125,  0.03125, -0.96875,  0.03125,  0.03125,         0.03125,  0.03125,  0.03125,  0.03125,  0.03125,  0.03125,         0.03125,  0.03125,  0.03125,  0.03125,  0.03125,  0.03125,         0.03125,  0.03125,  0.03125,  0.03125,  0.03125,  0.03125,         0.03125,  0.03125,  0.03125,  0.03125],       [ 0.03125,  0.03125,  0.03125,  0.03125,  0.03125,  0.03125,         0.03125,  0.03125,  0.03125,  0.03125,  0.03125,  0.03125,         0.03125,  0.03125,  0.03125,  0.03125,  0.03125,  0.03125,         0.03125,  0.03125,  0.03125,  0.03125,  0.03125,  0.03125,         0.03125,  0.03125,  0.03125,  0.03125,  0.03125,  0.03125,         0.03125,  0.03125,  0.03125,  0.03125,  0.03125,  0.03125,         0.03125,  0.03125,  0.03125,  0.03125, -0.96875,  0.03125,         0.03125,  0.03125,  0.03125,  0.03125,  0.03125,  0.03125,         0.03125,  0.03125,  0.03125,  0.03125,  0.03125,  0.03125,         0.03125,  0.03125,  0.03125,  0.03125,  0.03125,  0.03125,         0.03125,  0.03125,  0.03125,  0.03125],       [ 0.03125,  0.03125,  0.03125,  0.03125,  0.03125,  0.03125,         0.03125,  0.03125,  0.03125,  0.03125,  0.03125,  0.03125,         0.03125,  0.03125,  0.03125,  0.03125,  0.03125,  0.03125,         0.03125,  0.03125,  0.03125,  0.03125,  0.03125,  0.03125,         0.03125,  0.03125,  0.03125,  0.03125,  0.03125,  0.03125,         0.03125,  0.03125,  0.03125,  0.03125,  0.03125,  0.03125,         0.03125,  0.03125,  0.03125,  0.03125,  0.03125, -0.96875,         0.03125,  0.03125,  0.03125,  0.03125,  0.03125,  0.03125,         0.03125,  0.03125,  0.03125,  0.03125,  0.03125,  0.03125,         0.03125,  0.03125,  0.03125,  0.03125,  0.03125,  0.03125,         0.03125,  0.03125,  0.03125,  0.03125],       [ 0.03125,  0.03125,  0.03125,  0.03125,  0.03125,  0.03125,         0.03125,  0.03125,  0.03125,  0.03125,  0.03125,  0.03125,         0.03125,  0.03125,  0.03125,  0.03125,  0.03125,  0.03125,         0.03125,  0.03125,  0.03125,  0.03125,  0.03125,  0.03125,         0.03125,  0.03125,  0.03125,  0.03125,  0.03125,  0.03125,         0.03125,  0.03125,  0.03125,  0.03125,  0.03125,  0.03125,         0.03125,  0.03125,  0.03125,  0.03125,  0.03125,  0.03125,        -0.96875,  0.03125,  0.03125,  0.03125,  0.03125,  0.03125,         0.03125,  0.03125,  0.03125,  0.03125,  0.03125,  0.03125,         0.03125,  0.03125,  0.03125,  0.03125,  0.03125,  0.03125,         0.03125,  0.03125,  0.03125,  0.03125],       [ 0.03125,  0.03125,  0.03125,  0.03125,  0.03125,  0.03125,         0.03125,  0.03125,  0.03125,  0.03125,  0.03125,  0.03125,         0.03125,  0.03125,  0.03125,  0.03125,  0.03125,  0.03125,         0.03125,  0.03125,  0.03125,  0.03125,  0.03125,  0.03125,         0.03125,  0.03125,  0.03125,  0.03125,  0.03125,  0.03125,         0.03125,  0.03125,  0.03125,  0.03125,  0.03125,  0.03125,         0.03125,  0.03125,  0.03125,  0.03125,  0.03125,  0.03125,         0.03125, -0.96875,  0.03125,  0.03125,  0.03125,  0.03125,         0.03125,  0.03125,  0.03125,  0.03125,  0.03125,  0.03125,         0.03125,  0.03125,  0.03125,  0.03125,  0.03125,  0.03125,         0.03125,  0.03125,  0.03125,  0.03125],       [ 0.03125,  0.03125,  0.03125,  0.03125,  0.03125,  0.03125,         0.03125,  0.03125,  0.03125,  0.03125,  0.03125,  0.03125,         0.03125,  0.03125,  0.03125,  0.03125,  0.03125,  0.03125,         0.03125,  0.03125,  0.03125,  0.03125,  0.03125,  0.03125,         0.03125,  0.03125,  0.03125,  0.03125,  0.03125,  0.03125,         0.03125,  0.03125,  0.03125,  0.03125,  0.03125,  0.03125,         0.03125,  0.03125,  0.03125,  0.03125,  0.03125,  0.03125,         0.03125,  0.03125, -0.96875,  0.03125,  0.03125,  0.03125,         0.03125,  0.03125,  0.03125,  0.03125,  0.03125,  0.03125,         0.03125,  0.03125,  0.03125,  0.03125,  0.03125,  0.03125,         0.03125,  0.03125,  0.03125,  0.03125],       [ 0.03125,  0.03125,  0.03125,  0.03125,  0.03125,  0.03125,         0.03125,  0.03125,  0.03125,  0.03125,  0.03125,  0.03125,         0.03125,  0.03125,  0.03125,  0.03125,  0.03125,  0.03125,         0.03125,  0.03125,  0.03125,  0.03125,  0.03125,  0.03125,         0.03125,  0.03125,  0.03125,  0.03125,  0.03125,  0.03125,         0.03125,  0.03125,  0.03125,  0.03125,  0.03125,  0.03125,         0.03125,  0.03125,  0.03125,  0.03125,  0.03125,  0.03125,         0.03125,  0.03125,  0.03125, -0.96875,  0.03125,  0.03125,         0.03125,  0.03125,  0.03125,  0.03125,  0.03125,  0.03125,         0.03125,  0.03125,  0.03125,  0.03125,  0.03125,  0.03125,         0.03125,  0.03125,  0.03125,  0.03125],       [ 0.03125,  0.03125,  0.03125,  0.03125,  0.03125,  0.03125,         0.03125,  0.03125,  0.03125,  0.03125,  0.03125,  0.03125,         0.03125,  0.03125,  0.03125,  0.03125,  0.03125,  0.03125,         0.03125,  0.03125,  0.03125,  0.03125,  0.03125,  0.03125,         0.03125,  0.03125,  0.03125,  0.03125,  0.03125,  0.03125,         0.03125,  0.03125,  0.03125,  0.03125,  0.03125,  0.03125,         0.03125,  0.03125,  0.03125,  0.03125,  0.03125,  0.03125,         0.03125,  0.03125,  0.03125,  0.03125, -0.96875,  0.03125,         0.03125,  0.03125,  0.03125,  0.03125,  0.03125,  0.03125,         0.03125,  0.03125,  0.03125,  0.03125,  0.03125,  0.03125,         0.03125,  0.03125,  0.03125,  0.03125],       [ 0.03125,  0.03125,  0.03125,  0.03125,  0.03125,  0.03125,         0.03125,  0.03125,  0.03125,  0.03125,  0.03125,  0.03125,         0.03125,  0.03125,  0.03125,  0.03125,  0.03125,  0.03125,         0.03125,  0.03125,  0.03125,  0.03125,  0.03125,  0.03125,         0.03125,  0.03125,  0.03125,  0.03125,  0.03125,  0.03125,         0.03125,  0.03125,  0.03125,  0.03125,  0.03125,  0.03125,         0.03125,  0.03125,  0.03125,  0.03125,  0.03125,  0.03125,         0.03125,  0.03125,  0.03125,  0.03125,  0.03125, -0.96875,         0.03125,  0.03125,  0.03125,  0.03125,  0.03125,  0.03125,         0.03125,  0.03125,  0.03125,  0.03125,  0.03125,  0.03125,         0.03125,  0.03125,  0.03125,  0.03125],       [ 0.03125,  0.03125,  0.03125,  0.03125,  0.03125,  0.03125,         0.03125,  0.03125,  0.03125,  0.03125,  0.03125,  0.03125,         0.03125,  0.03125,  0.03125,  0.03125,  0.03125,  0.03125,         0.03125,  0.03125,  0.03125,  0.03125,  0.03125,  0.03125,         0.03125,  0.03125,  0.03125,  0.03125,  0.03125,  0.03125,         0.03125,  0.03125,  0.03125,  0.03125,  0.03125,  0.03125,         0.03125,  0.03125,  0.03125,  0.03125,  0.03125,  0.03125,         0.03125,  0.03125,  0.03125,  0.03125,  0.03125,  0.03125,        -0.96875,  0.03125,  0.03125,  0.03125,  0.03125,  0.03125,         0.03125,  0.03125,  0.03125,  0.03125,  0.03125,  0.03125,         0.03125,  0.03125,  0.03125,  0.03125],       [ 0.03125,  0.03125,  0.03125,  0.03125,  0.03125,  0.03125,         0.03125,  0.03125,  0.03125,  0.03125,  0.03125,  0.03125,         0.03125,  0.03125,  0.03125,  0.03125,  0.03125,  0.03125,         0.03125,  0.03125,  0.03125,  0.03125,  0.03125,  0.03125,         0.03125,  0.03125,  0.03125,  0.03125,  0.03125,  0.03125,         0.03125,  0.03125,  0.03125,  0.03125,  0.03125,  0.03125,         0.03125,  0.03125,  0.03125,  0.03125,  0.03125,  0.03125,         0.03125,  0.03125,  0.03125,  0.03125,  0.03125,  0.03125,         0.03125, -0.96875,  0.03125,  0.03125,  0.03125,  0.03125,         0.03125,  0.03125,  0.03125,  0.03125,  0.03125,  0.03125,         0.03125,  0.03125,  0.03125,  0.03125],       [ 0.03125,  0.03125,  0.03125,  0.03125,  0.03125,  0.03125,         0.03125,  0.03125,  0.03125,  0.03125,  0.03125,  0.03125,         0.03125,  0.03125,  0.03125,  0.03125,  0.03125,  0.03125,         0.03125,  0.03125,  0.03125,  0.03125,  0.03125,  0.03125,         0.03125,  0.03125,  0.03125,  0.03125,  0.03125,  0.03125,         0.03125,  0.03125,  0.03125,  0.03125,  0.03125,  0.03125,         0.03125,  0.03125,  0.03125,  0.03125,  0.03125,  0.03125,         0.03125,  0.03125,  0.03125,  0.03125,  0.03125,  0.03125,         0.03125,  0.03125, -0.96875,  0.03125,  0.03125,  0.03125,         0.03125,  0.03125,  0.03125,  0.03125,  0.03125,  0.03125,         0.03125,  0.03125,  0.03125,  0.03125],       [ 0.03125,  0.03125,  0.03125,  0.03125,  0.03125,  0.03125,         0.03125,  0.03125,  0.03125,  0.03125,  0.03125,  0.03125,         0.03125,  0.03125,  0.03125,  0.03125,  0.03125,  0.03125,         0.03125,  0.03125,  0.03125,  0.03125,  0.03125,  0.03125,         0.03125,  0.03125,  0.03125,  0.03125,  0.03125,  0.03125,         0.03125,  0.03125,  0.03125,  0.03125,  0.03125,  0.03125,         0.03125,  0.03125,  0.03125,  0.03125,  0.03125,  0.03125,         0.03125,  0.03125,  0.03125,  0.03125,  0.03125,  0.03125,         0.03125,  0.03125,  0.03125, -0.96875,  0.03125,  0.03125,         0.03125,  0.03125,  0.03125,  0.03125,  0.03125,  0.03125,         0.03125,  0.03125,  0.03125,  0.03125],       [ 0.03125,  0.03125,  0.03125,  0.03125,  0.03125,  0.03125,         0.03125,  0.03125,  0.03125,  0.03125,  0.03125,  0.03125,         0.03125,  0.03125,  0.03125,  0.03125,  0.03125,  0.03125,         0.03125,  0.03125,  0.03125,  0.03125,  0.03125,  0.03125,         0.03125,  0.03125,  0.03125,  0.03125,  0.03125,  0.03125,         0.03125,  0.03125,  0.03125,  0.03125,  0.03125,  0.03125,         0.03125,  0.03125,  0.03125,  0.03125,  0.03125,  0.03125,         0.03125,  0.03125,  0.03125,  0.03125,  0.03125,  0.03125,         0.03125,  0.03125,  0.03125,  0.03125, -0.96875,  0.03125,         0.03125,  0.03125,  0.03125,  0.03125,  0.03125,  0.03125,         0.03125,  0.03125,  0.03125,  0.03125],       [ 0.03125,  0.03125,  0.03125,  0.03125,  0.03125,  0.03125,         0.03125,  0.03125,  0.03125,  0.03125,  0.03125,  0.03125,         0.03125,  0.03125,  0.03125,  0.03125,  0.03125,  0.03125,         0.03125,  0.03125,  0.03125,  0.03125,  0.03125,  0.03125,         0.03125,  0.03125,  0.03125,  0.03125,  0.03125,  0.03125,         0.03125,  0.03125,  0.03125,  0.03125,  0.03125,  0.03125,         0.03125,  0.03125,  0.03125,  0.03125,  0.03125,  0.03125,         0.03125,  0.03125,  0.03125,  0.03125,  0.03125,  0.03125,         0.03125,  0.03125,  0.03125,  0.03125,  0.03125, -0.96875,         0.03125,  0.03125,  0.03125,  0.03125,  0.03125,  0.03125,         0.03125,  0.03125,  0.03125,  0.03125],       [ 0.03125,  0.03125,  0.03125,  0.03125,  0.03125,  0.03125,         0.03125,  0.03125,  0.03125,  0.03125,  0.03125,  0.03125,         0.03125,  0.03125,  0.03125,  0.03125,  0.03125,  0.03125,         0.03125,  0.03125,  0.03125,  0.03125,  0.03125,  0.03125,         0.03125,  0.03125,  0.03125,  0.03125,  0.03125,  0.03125,         0.03125,  0.03125,  0.03125,  0.03125,  0.03125,  0.03125,         0.03125,  0.03125,  0.03125,  0.03125,  0.03125,  0.03125,         0.03125,  0.03125,  0.03125,  0.03125,  0.03125,  0.03125,         0.03125,  0.03125,  0.03125,  0.03125,  0.03125,  0.03125,        -0.96875,  0.03125,  0.03125,  0.03125,  0.03125,  0.03125,         0.03125,  0.03125,  0.03125,  0.03125],       [ 0.03125,  0.03125,  0.03125,  0.03125,  0.03125,  0.03125,         0.03125,  0.03125,  0.03125,  0.03125,  0.03125,  0.03125,         0.03125,  0.03125,  0.03125,  0.03125,  0.03125,  0.03125,         0.03125,  0.03125,  0.03125,  0.03125,  0.03125,  0.03125,         0.03125,  0.03125,  0.03125,  0.03125,  0.03125,  0.03125,         0.03125,  0.03125,  0.03125,  0.03125,  0.03125,  0.03125,         0.03125,  0.03125,  0.03125,  0.03125,  0.03125,  0.03125,         0.03125,  0.03125,  0.03125,  0.03125,  0.03125,  0.03125,         0.03125,  0.03125,  0.03125,  0.03125,  0.03125,  0.03125,         0.03125, -0.96875,  0.03125,  0.03125,  0.03125,  0.03125,         0.03125,  0.03125,  0.03125,  0.03125],       [ 0.03125,  0.03125,  0.03125,  0.03125,  0.03125,  0.03125,         0.03125,  0.03125,  0.03125,  0.03125,  0.03125,  0.03125,         0.03125,  0.03125,  0.03125,  0.03125,  0.03125,  0.03125,         0.03125,  0.03125,  0.03125,  0.03125,  0.03125,  0.03125,         0.03125,  0.03125,  0.03125,  0.03125,  0.03125,  0.03125,         0.03125,  0.03125,  0.03125,  0.03125,  0.03125,  0.03125,         0.03125,  0.03125,  0.03125,  0.03125,  0.03125,  0.03125,         0.03125,  0.03125,  0.03125,  0.03125,  0.03125,  0.03125,         0.03125,  0.03125,  0.03125,  0.03125,  0.03125,  0.03125,         0.03125,  0.03125, -0.96875,  0.03125,  0.03125,  0.03125,         0.03125,  0.03125,  0.03125,  0.03125],       [ 0.03125,  0.03125,  0.03125,  0.03125,  0.03125,  0.03125,         0.03125,  0.03125,  0.03125,  0.03125,  0.03125,  0.03125,         0.03125,  0.03125,  0.03125,  0.03125,  0.03125,  0.03125,         0.03125,  0.03125,  0.03125,  0.03125,  0.03125,  0.03125,         0.03125,  0.03125,  0.03125,  0.03125,  0.03125,  0.03125,         0.03125,  0.03125,  0.03125,  0.03125,  0.03125,  0.03125,         0.03125,  0.03125,  0.03125,  0.03125,  0.03125,  0.03125,         0.03125,  0.03125,  0.03125,  0.03125,  0.03125,  0.03125,         0.03125,  0.03125,  0.03125,  0.03125,  0.03125,  0.03125,         0.03125,  0.03125,  0.03125, -0.96875,  0.03125,  0.03125,         0.03125,  0.03125,  0.03125,  0.03125],       [ 0.03125,  0.03125,  0.03125,  0.03125,  0.03125,  0.03125,         0.03125,  0.03125,  0.03125,  0.03125,  0.03125,  0.03125,         0.03125,  0.03125,  0.03125,  0.03125,  0.03125,  0.03125,         0.03125,  0.03125,  0.03125,  0.03125,  0.03125,  0.03125,         0.03125,  0.03125,  0.03125,  0.03125,  0.03125,  0.03125,         0.03125,  0.03125,  0.03125,  0.03125,  0.03125,  0.03125,         0.03125,  0.03125,  0.03125,  0.03125,  0.03125,  0.03125,         0.03125,  0.03125,  0.03125,  0.03125,  0.03125,  0.03125,         0.03125,  0.03125,  0.03125,  0.03125,  0.03125,  0.03125,         0.03125,  0.03125,  0.03125,  0.03125, -0.96875,  0.03125,         0.03125,  0.03125,  0.03125,  0.03125],       [ 0.03125,  0.03125,  0.03125,  0.03125,  0.03125,  0.03125,         0.03125,  0.03125,  0.03125,  0.03125,  0.03125,  0.03125,         0.03125,  0.03125,  0.03125,  0.03125,  0.03125,  0.03125,         0.03125,  0.03125,  0.03125,  0.03125,  0.03125,  0.03125,         0.03125,  0.03125,  0.03125,  0.03125,  0.03125,  0.03125,         0.03125,  0.03125,  0.03125,  0.03125,  0.03125,  0.03125,         0.03125,  0.03125,  0.03125,  0.03125,  0.03125,  0.03125,         0.03125,  0.03125,  0.03125,  0.03125,  0.03125,  0.03125,         0.03125,  0.03125,  0.03125,  0.03125,  0.03125,  0.03125,         0.03125,  0.03125,  0.03125,  0.03125,  0.03125, -0.96875,         0.03125,  0.03125,  0.03125,  0.03125],       [ 0.03125,  0.03125,  0.03125,  0.03125,  0.03125,  0.03125,         0.03125,  0.03125,  0.03125,  0.03125,  0.03125,  0.03125,         0.03125,  0.03125,  0.03125,  0.03125,  0.03125,  0.03125,         0.03125,  0.03125,  0.03125,  0.03125,  0.03125,  0.03125,         0.03125,  0.03125,  0.03125,  0.03125,  0.03125,  0.03125,         0.03125,  0.03125,  0.03125,  0.03125,  0.03125,  0.03125,         0.03125,  0.03125,  0.03125,  0.03125,  0.03125,  0.03125,         0.03125,  0.03125,  0.03125,  0.03125,  0.03125,  0.03125,         0.03125,  0.03125,  0.03125,  0.03125,  0.03125,  0.03125,         0.03125,  0.03125,  0.03125,  0.03125,  0.03125,  0.03125,        -0.96875,  0.03125,  0.03125,  0.03125],       [ 0.03125,  0.03125,  0.03125,  0.03125,  0.03125,  0.03125,         0.03125,  0.03125,  0.03125,  0.03125,  0.03125,  0.03125,         0.03125,  0.03125,  0.03125,  0.03125,  0.03125,  0.03125,         0.03125,  0.03125,  0.03125,  0.03125,  0.03125,  0.03125,         0.03125,  0.03125,  0.03125,  0.03125,  0.03125,  0.03125,         0.03125,  0.03125,  0.03125,  0.03125,  0.03125,  0.03125,         0.03125,  0.03125,  0.03125,  0.03125,  0.03125,  0.03125,         0.03125,  0.03125,  0.03125,  0.03125,  0.03125,  0.03125,         0.03125,  0.03125,  0.03125,  0.03125,  0.03125,  0.03125,         0.03125,  0.03125,  0.03125,  0.03125,  0.03125,  0.03125,         0.03125, -0.96875,  0.03125,  0.03125],       [ 0.03125,  0.03125,  0.03125,  0.03125,  0.03125,  0.03125,         0.03125,  0.03125,  0.03125,  0.03125,  0.03125,  0.03125,         0.03125,  0.03125,  0.03125,  0.03125,  0.03125,  0.03125,         0.03125,  0.03125,  0.03125,  0.03125,  0.03125,  0.03125,         0.03125,  0.03125,  0.03125,  0.03125,  0.03125,  0.03125,         0.03125,  0.03125,  0.03125,  0.03125,  0.03125,  0.03125,         0.03125,  0.03125,  0.03125,  0.03125,  0.03125,  0.03125,         0.03125,  0.03125,  0.03125,  0.03125,  0.03125,  0.03125,         0.03125,  0.03125,  0.03125,  0.03125,  0.03125,  0.03125,         0.03125,  0.03125,  0.03125,  0.03125,  0.03125,  0.03125,         0.03125,  0.03125, -0.96875,  0.03125],       [ 0.03125,  0.03125,  0.03125,  0.03125,  0.03125,  0.03125,         0.03125,  0.03125,  0.03125,  0.03125,  0.03125,  0.03125,         0.03125,  0.03125,  0.03125,  0.03125,  0.03125,  0.03125,         0.03125,  0.03125,  0.03125,  0.03125,  0.03125,  0.03125,         0.03125,  0.03125,  0.03125,  0.03125,  0.03125,  0.03125,         0.03125,  0.03125,  0.03125,  0.03125,  0.03125,  0.03125,         0.03125,  0.03125,  0.03125,  0.03125,  0.03125,  0.03125,         0.03125,  0.03125,  0.03125,  0.03125,  0.03125,  0.03125,         0.03125,  0.03125,  0.03125,  0.03125,  0.03125,  0.03125,         0.03125,  0.03125,  0.03125,  0.03125,  0.03125,  0.03125,         0.03125,  0.03125,  0.03125, -0.96875]]),'inversion6q')
